avgR,avgG,avgB,varR,varG,varB,label
1.056833e+02,1.120759e+02,1.305200e+02,7.314429e+01,7.079268e+01,7.770803e+01,0
9.996031e+01,1.234787e+02,1.620699e+02,2.853206e+01,3.228625e+01,4.990710e+01,0
1.042311e+02,1.090847e+02,1.232741e+02,5.268361e+01,4.313502e+01,6.016279e+01,0
2.070292e+02,2.073465e+02,2.141823e+02,3.409887e+01,3.211949e+01,3.927421e+01,0
9.528392e+01,1.687284e+02,1.650005e+02,6.397601e+01,6.035719e+01,6.868110e+01,0
1.309495e+02,1.606400e+02,1.331343e+02,7.633990e+01,6.760319e+01,6.191422e+01,0
1.433639e+02,1.577680e+02,1.703683e+02,5.996474e+01,5.645082e+01,6.778273e+01,0
9.685631e+01,1.245798e+02,1.530627e+02,8.698081e+01,7.052305e+01,6.430071e+01,0
7.451193e+01,1.112165e+02,1.267262e+02,3.827131e+01,4.880654e+01,5.431150e+01,0
7.846693e+01,1.036109e+02,1.252853e+02,5.126177e+01,4.838453e+01,5.736406e+01,0
1.067942e+02,1.494771e+02,1.602296e+02,4.199914e+01,3.621420e+01,3.162088e+01,0
9.301158e+01,1.319862e+02,1.560092e+02,5.661548e+01,5.769617e+01,5.683162e+01,0
1.019358e+02,1.404590e+02,1.703822e+02,4.622041e+01,4.240741e+01,4.382592e+01,0
1.164411e+02,1.442569e+02,1.538227e+02,1.013359e+02,6.784861e+01,4.716309e+01,0
8.094714e+01,1.234348e+02,1.182411e+02,2.940249e+01,2.061306e+01,2.611428e+01,0
1.043072e+02,9.486043e+01,9.425772e+01,6.654087e+01,5.276550e+01,4.289122e+01,0
9.969818e+01,1.229070e+02,1.074825e+02,5.350061e+01,5.832853e+01,5.395813e+01,0
6.308173e+01,1.099212e+02,1.316754e+02,3.729401e+01,3.510946e+01,5.149634e+01,0
8.648293e+01,1.385935e+02,1.687671e+02,7.116758e+01,5.346218e+01,6.409493e+01,0
1.126648e+02,1.466409e+02,1.446536e+02,8.135310e+01,6.611301e+01,7.112703e+01,0
8.589876e+01,1.582414e+02,1.543921e+02,7.712216e+01,6.598159e+01,5.543158e+01,0
9.375471e+01,9.998253e+01,1.090158e+02,5.344217e+01,6.033834e+01,6.147255e+01,0
1.386633e+02,1.625669e+02,1.771213e+02,5.568579e+01,3.495845e+01,2.915251e+01,0
5.421347e+01,8.610362e+01,1.467523e+02,4.336250e+01,5.007171e+01,7.786320e+01,0
6.041769e+01,7.612517e+01,1.327998e+02,5.802573e+01,5.509539e+01,5.210689e+01,0
9.878920e+01,1.523988e+02,1.732753e+02,4.980991e+01,4.724143e+01,5.699270e+01,0
8.342122e+01,8.091193e+01,7.460297e+01,5.726258e+01,5.494681e+01,5.389318e+01,0
1.076060e+02,1.014134e+02,1.264162e+02,4.391493e+01,3.120598e+01,2.831037e+01,0
6.398167e+01,9.253856e+01,1.219871e+02,5.702515e+01,6.074378e+01,6.900715e+01,0
7.817889e+01,9.373921e+01,1.117844e+02,5.184904e+01,6.163723e+01,7.138001e+01,0
5.401492e+01,7.853802e+01,1.056292e+02,5.706860e+01,6.082445e+01,6.835220e+01,0
3.521919e+01,7.921957e+01,1.279369e+02,3.625157e+01,3.686531e+01,3.825578e+01,0
7.823825e+01,8.719682e+01,1.062403e+02,6.413717e+01,6.475366e+01,5.970685e+01,0
1.187988e+02,1.134285e+02,1.451568e+02,7.096457e+01,6.129961e+01,7.109491e+01,0
9.074603e+01,1.107343e+02,1.438611e+02,5.691092e+01,4.518391e+01,4.349023e+01,0
1.078415e+02,1.182023e+02,1.324887e+02,8.370750e+01,6.031533e+01,4.267134e+01,0
6.943863e+01,9.101587e+01,1.261409e+02,5.516904e+01,4.611456e+01,3.948484e+01,0
6.443903e+01,9.143922e+01,1.239204e+02,4.647732e+01,4.865042e+01,6.254607e+01,0
1.082542e+02,1.268586e+02,1.366398e+02,3.464665e+01,3.910006e+01,3.781458e+01,0
1.145629e+02,1.374999e+02,1.423415e+02,5.495206e+01,5.304039e+01,5.459308e+01,0
1.220718e+02,1.272698e+02,1.803918e+02,4.267382e+01,4.547954e+01,6.470495e+01,0
5.568663e+01,7.063339e+01,7.766708e+01,5.286208e+01,4.891488e+01,4.485801e+01,0
1.554750e+02,1.393583e+02,1.354926e+02,6.370272e+01,5.742841e+01,4.542810e+01,0
1.286895e+02,1.391046e+02,1.528409e+02,4.683417e+01,4.789389e+01,4.906407e+01,0
1.702937e+02,1.629316e+02,1.592899e+02,5.965823e+01,6.169433e+01,6.191484e+01,0
1.123186e+02,9.964836e+01,1.041129e+02,4.786488e+01,5.050272e+01,4.935029e+01,0
1.369944e+02,1.806219e+02,2.135261e+02,3.866788e+01,2.586854e+01,1.846287e+01,0
1.251518e+02,1.426083e+02,1.466268e+02,6.571534e+01,6.790879e+01,7.662897e+01,0
1.223459e+02,1.589224e+02,1.902740e+02,5.241659e+01,4.509706e+01,3.614117e+01,0
1.362151e+02,1.261400e+02,1.169391e+02,7.506173e+01,6.418568e+01,4.373295e+01,0
1.076693e+02,1.114819e+02,1.178877e+02,3.386829e+01,3.444978e+01,3.413230e+01,0
1.513014e+02,1.668426e+02,1.826882e+02,5.047348e+01,5.299334e+01,5.587548e+01,0
1.893637e+02,1.904753e+02,1.972962e+02,5.667503e+01,5.551362e+01,5.594753e+01,0
9.211595e+01,1.381427e+02,1.889899e+02,4.995475e+01,2.816205e+01,3.860614e+01,0
1.537263e+02,1.623575e+02,1.663267e+02,5.739611e+01,5.840030e+01,5.979199e+01,0
1.181843e+02,1.701322e+02,1.812680e+02,6.578120e+01,5.315482e+01,5.443455e+01,0
1.288792e+02,1.569357e+02,1.852972e+02,6.183227e+01,5.507026e+01,5.751473e+01,0
1.447366e+02,1.595529e+02,1.776140e+02,4.263737e+01,4.168661e+01,4.139860e+01,0
1.018360e+02,9.032336e+01,6.503262e+01,7.917689e+01,6.171684e+01,3.478835e+01,0
1.111176e+02,1.209387e+02,1.308337e+02,4.284637e+01,4.542461e+01,4.872222e+01,0
1.089251e+02,1.340549e+02,1.338854e+02,2.854360e+01,3.007527e+01,3.133134e+01,0
1.390422e+02,1.621379e+02,1.888580e+02,5.656634e+01,3.683603e+01,2.822664e+01,0
1.410567e+02,1.606840e+02,1.644719e+02,6.312151e+01,5.989319e+01,6.098727e+01,0
1.329725e+02,1.405631e+02,1.334363e+02,4.249580e+01,4.730383e+01,5.634662e+01,0
1.063028e+02,1.053377e+02,1.191383e+02,7.772970e+01,7.434721e+01,6.789024e+01,0
1.145962e+02,1.150221e+02,1.179665e+02,8.701278e+01,8.533863e+01,7.216350e+01,0
9.986186e+01,8.580801e+01,7.674155e+01,5.780012e+01,4.350223e+01,2.689778e+01,0
8.306627e+01,1.003294e+02,1.139686e+02,3.665298e+01,4.346844e+01,4.836617e+01,0
1.634227e+02,1.757656e+02,1.859443e+02,4.601633e+01,4.154518e+01,3.052114e+01,0
1.349064e+02,1.494389e+02,1.448156e+02,4.976945e+01,4.754510e+01,4.999264e+01,0
6.396648e+01,1.197026e+02,1.394765e+02,2.212098e+01,2.878825e+01,2.642011e+01,0
1.218742e+02,9.550084e+01,7.193915e+01,3.413229e+01,2.874489e+01,2.407981e+01,0
6.647272e+01,9.332568e+01,9.160663e+01,4.364194e+01,3.210860e+01,3.237862e+01,0
4.318846e+01,9.155193e+01,1.226346e+02,3.696625e+01,3.225054e+01,3.987399e+01,0
8.803963e+01,1.091084e+02,1.238733e+02,1.458860e+01,1.503686e+01,2.822902e+01,0
6.460899e+01,8.947626e+01,1.149126e+02,3.558937e+01,3.530532e+01,4.223303e+01,0
1.580757e+02,1.862918e+02,2.145722e+02,3.479558e+01,3.530566e+01,4.102216e+01,0
1.447752e+02,8.713197e+01,1.455367e+01,8.394044e+01,7.888690e+01,2.336370e+01,0
1.049933e+02,1.457715e+02,1.975060e+02,5.192718e+01,5.159442e+01,7.256391e+01,0
1.480647e+02,7.952296e+01,5.850389e+01,6.837963e+01,2.589373e+01,1.424033e+01,0
4.726218e+01,9.109004e+01,1.095965e+02,4.739942e+01,3.863165e+01,1.952582e+01,0
7.726585e+01,9.570021e+01,1.156059e+02,3.883959e+01,3.285344e+01,2.987138e+01,0
9.698013e+01,1.385180e+02,1.852632e+02,4.411569e+01,3.013584e+01,3.528070e+01,0
8.760999e+01,1.072354e+02,1.188645e+02,3.896378e+01,3.380895e+01,5.721027e+01,0
9.038971e+01,9.778612e+01,9.975887e+01,5.773504e+01,4.383086e+01,4.523921e+01,0
1.116681e+02,1.499617e+02,1.641323e+02,9.995354e+01,8.263398e+01,8.054841e+01,0
1.014836e+02,1.309857e+02,1.527326e+02,5.556362e+01,5.738270e+01,6.531139e+01,0
6.003156e+01,8.331888e+01,1.077769e+02,4.800374e+01,3.631446e+01,4.331775e+01,0
6.915691e+01,1.035980e+02,1.560880e+02,3.694613e+01,2.953346e+01,2.697714e+01,0
1.001548e+02,1.272526e+02,1.630567e+02,2.883155e+01,3.310883e+01,2.979927e+01,0
1.051128e+02,1.001105e+02,1.068587e+02,2.122311e+01,1.826798e+01,3.436617e+01,0
1.213049e+02,1.678117e+02,2.288269e+02,2.311488e+01,3.012913e+01,4.947596e+01,0
1.124955e+02,1.188145e+02,1.418472e+02,4.274890e+01,3.780919e+01,3.589693e+01,0
1.245345e+02,1.593338e+02,1.841310e+02,6.479151e+01,4.323149e+01,4.755491e+01,0
9.442502e+01,1.057601e+02,1.236129e+02,4.850855e+01,3.397320e+01,4.356268e+01,0
1.047097e+02,1.258543e+02,1.423086e+02,6.977212e+01,7.103413e+01,7.648594e+01,0
9.920685e+01,1.430493e+02,1.457550e+02,3.991827e+01,4.926588e+01,5.634173e+01,0
6.785841e+01,1.037471e+02,1.128564e+02,2.920451e+01,2.880791e+01,5.262340e+01,0
8.766893e+01,1.147639e+02,1.287399e+02,6.697963e+01,5.312724e+01,4.697109e+01,0
1.869617e+02,1.910282e+02,1.972800e+02,5.759706e+01,5.594365e+01,5.232859e+01,0
1.558579e+02,1.666762e+02,1.729499e+02,6.532041e+01,5.411192e+01,6.888961e+01,0
8.519914e+01,1.009035e+02,1.056857e+02,3.883042e+01,3.100904e+01,2.660444e+01,0
1.123614e+02,9.586124e+01,1.057017e+02,3.787298e+01,1.992005e+01,1.696043e+01,0
9.653014e+01,8.258592e+01,8.086426e+01,5.159665e+01,3.838376e+01,3.083360e+01,0
1.728672e+02,1.534589e+02,1.472008e+02,3.809831e+01,3.692306e+01,4.098813e+01,0
1.237334e+02,8.648680e+01,3.593953e+01,6.263309e+01,5.420106e+01,3.026056e+01,0
1.020951e+02,1.106352e+02,1.089847e+02,7.032445e+01,7.377891e+01,8.157034e+01,0
1.267768e+02,7.766127e+01,3.443777e+01,6.224888e+01,3.165294e+01,7.359172e+00,0
6.619038e+01,5.363873e+01,7.083270e+01,5.862623e+01,5.120744e+01,4.870020e+01,0
8.208832e+01,8.014674e+01,1.332693e+02,4.996577e+01,4.337556e+01,4.483303e+01,0
1.131191e+02,1.466418e+02,1.412629e+02,6.841015e+01,6.989944e+01,7.374400e+01,0
5.127455e+01,1.490566e+02,1.374352e+02,2.066533e+01,4.518134e+01,4.924300e+01,0
7.453413e+01,1.329733e+02,1.345965e+02,4.548307e+01,5.430541e+01,7.851711e+01,0
1.132587e+02,1.375611e+02,1.329882e+02,5.992190e+01,7.002487e+01,7.672675e+01,0
1.035244e+02,1.280109e+02,1.410032e+02,8.352514e+01,5.878970e+01,4.054106e+01,0
8.663345e+01,1.357877e+02,1.400794e+02,5.497647e+01,6.261547e+01,8.157167e+01,0
7.551320e+01,1.087862e+02,1.596956e+02,6.415556e+01,5.459243e+01,6.644488e+01,0
6.646797e+01,1.071269e+02,1.396452e+02,5.346467e+01,5.522738e+01,6.714273e+01,0
9.796774e+01,1.206620e+02,1.450823e+02,3.797937e+01,5.227011e+01,7.744074e+01,0
5.471344e+01,7.607629e+01,9.034935e+01,5.513931e+01,5.082386e+01,5.260577e+01,0
3.621339e+01,6.881181e+01,1.246810e+02,4.940280e+01,4.588560e+01,6.028179e+01,0
8.109058e+01,1.238997e+02,1.425473e+02,4.078279e+01,4.578691e+01,7.320561e+01,0
5.500633e+01,1.110257e+02,1.559026e+02,5.513117e+01,4.901621e+01,5.826227e+01,0
6.246623e+01,1.194856e+02,1.646856e+02,5.988259e+01,4.340452e+01,3.677728e+01,0
5.640121e+01,1.125743e+02,1.659001e+02,5.384431e+01,5.385302e+01,6.258780e+01,0
8.981360e+01,4.239209e+01,5.220090e+01,4.280556e+01,3.377137e+01,2.714446e+01,0
4.896448e+01,4.642145e+01,6.001787e+01,5.088840e+01,4.360735e+01,4.324710e+01,0
5.260274e+01,4.522519e+01,3.603114e+01,4.812627e+01,4.656634e+01,3.114087e+01,0
1.340272e+02,7.884061e+01,6.405064e+01,8.407849e+01,3.295627e+01,1.159941e+01,0
1.352493e+02,1.500795e+02,1.628573e+02,5.619502e+01,5.884412e+01,6.139283e+01,0
1.072247e+02,1.087519e+02,1.286707e+02,6.301500e+01,6.365068e+01,7.741111e+01,0
1.892173e+02,1.911280e+02,1.934348e+02,5.314072e+01,5.196853e+01,4.693540e+01,0
9.253998e+01,1.181719e+02,1.583732e+02,4.141504e+01,4.385916e+01,5.091606e+01,0
7.521701e+01,1.098172e+02,1.313657e+02,6.855623e+01,7.720276e+01,6.105869e+01,0
1.423681e+02,1.530574e+02,1.703003e+02,4.639150e+01,4.537976e+01,4.152241e+01,0
1.594789e+02,1.569848e+02,1.216864e+02,5.189932e+01,2.856096e+01,1.415297e+01,0
1.564896e+02,1.527079e+02,1.683344e+02,4.078986e+01,4.110446e+01,4.223664e+01,0
1.160092e+02,1.235225e+02,1.402794e+02,5.400474e+01,5.395783e+01,5.878741e+01,0
1.512625e+02,9.871370e+01,6.884225e+01,8.883872e+01,6.629262e+01,4.224307e+01,0
1.059922e+02,1.088149e+02,1.223029e+02,4.204998e+01,4.757409e+01,5.502995e+01,0
1.312058e+02,1.209365e+02,1.357539e+02,4.318873e+01,3.044845e+01,6.209714e+01,0
9.489856e+01,9.947389e+01,5.677687e+01,6.039953e+01,6.218605e+01,4.918080e+01,0
1.700125e+02,9.802931e+01,5.997198e+01,7.501253e+01,5.087941e+01,2.055362e+01,0
1.034676e+02,1.362221e+02,1.530095e+02,4.277378e+01,4.998884e+01,5.447668e+01,0
1.522466e+02,1.453710e+02,1.441871e+02,5.491091e+01,5.355846e+01,5.208561e+01,0
7.209023e+01,1.019367e+02,1.386951e+02,5.292950e+01,5.017425e+01,6.700773e+01,0
1.157164e+02,1.098700e+02,1.195401e+02,6.144199e+01,6.475340e+01,6.715840e+01,0
1.259054e+02,1.233047e+02,1.250072e+02,4.966171e+01,5.445672e+01,5.706584e+01,0
1.308178e+02,1.226930e+02,1.275199e+02,5.631246e+01,6.023917e+01,5.773445e+01,0
1.244825e+02,1.483467e+02,1.583634e+02,4.428203e+01,5.560243e+01,5.993048e+01,0
1.115919e+02,9.583919e+01,8.962987e+01,5.925779e+01,5.679118e+01,5.534557e+01,0
1.364507e+02,1.478835e+02,1.624258e+02,5.213493e+01,4.740083e+01,4.305833e+01,0
9.286421e+01,1.285860e+02,1.522402e+02,4.168277e+01,3.862137e+01,4.732806e+01,0
1.379574e+02,1.186221e+02,3.834564e+01,7.671277e+01,7.121587e+01,3.221848e+01,0
9.868750e+01,1.057118e+02,1.121635e+02,3.961480e+01,4.431435e+01,5.798286e+01,0
1.038643e+02,1.255085e+02,1.475336e+02,4.599498e+01,4.843696e+01,5.540725e+01,0
1.516296e+02,1.172146e+02,9.556898e+01,5.003877e+01,4.608212e+01,3.097297e+01,0
9.572382e+01,1.108756e+02,1.287983e+02,4.665966e+01,4.691760e+01,4.925858e+01,0
9.632324e+01,1.535076e+02,1.821999e+02,3.874825e+01,2.793022e+01,4.610931e+01,0
1.689451e+02,1.622518e+02,1.463693e+02,4.698387e+01,4.461389e+01,5.932131e+01,0
1.033412e+02,1.465168e+02,1.746674e+02,4.391501e+01,2.948138e+01,4.625491e+01,0
1.056012e+02,1.332483e+02,1.574582e+02,3.439928e+01,3.484421e+01,4.480021e+01,0
1.334119e+02,1.292857e+02,1.178602e+02,7.472516e+01,5.152252e+01,3.277412e+01,0
1.805273e+02,1.038147e+02,3.496167e+01,6.591088e+01,4.002815e+01,1.386170e+01,0
8.516534e+01,1.042017e+02,1.603027e+02,6.115570e+01,6.081051e+01,5.733052e+01,0
1.044764e+02,5.088979e+01,5.096500e+01,7.412597e+01,3.679890e+01,3.305090e+01,0
1.261297e+02,1.244759e+02,1.580218e+02,5.531294e+01,5.161509e+01,3.296420e+01,0
1.409338e+02,1.492840e+02,1.580874e+02,5.727009e+01,4.288162e+01,2.040293e+01,0
1.612250e+02,1.079341e+02,8.638274e+01,6.198445e+01,4.898631e+01,3.329845e+01,0
4.124394e+01,1.035432e+02,1.514455e+02,3.559407e+01,3.096184e+01,3.608485e+01,0
1.107174e+02,8.286771e+01,5.783141e+01,7.314367e+01,6.228808e+01,4.722921e+01,0
5.724068e+01,1.015777e+02,1.433092e+02,6.201728e+01,7.232337e+01,8.415793e+01,0
7.253529e+01,9.157980e+01,1.354870e+02,6.618546e+01,6.976594e+01,7.443100e+01,0
1.249182e+02,3.126440e+01,2.083141e+01,7.240511e+01,4.983316e+01,1.808426e+01,0
1.103346e+02,1.243600e+02,1.678203e+02,4.796289e+01,4.175329e+01,3.982940e+01,0
1.543987e+02,1.653922e+02,1.915622e+02,5.517751e+01,4.597982e+01,4.713785e+01,0
1.192844e+02,1.702075e+02,1.802914e+02,6.116719e+01,5.168602e+01,5.132014e+01,0
6.743584e+01,4.288170e+01,5.972099e+01,4.059386e+01,3.057544e+01,2.550644e+01,0
8.831866e+01,8.492065e+01,1.141965e+02,2.810249e+01,1.160873e+01,1.436559e+01,0
9.401642e+01,3.832756e+01,3.827292e+01,6.862936e+01,4.426389e+01,2.323208e+01,0
8.582202e+01,8.904047e+01,8.953275e+01,6.125161e+01,6.171774e+01,6.246213e+01,0
7.397499e+01,1.480403e+02,1.848439e+02,6.758512e+01,4.557174e+01,4.539742e+01,0
8.935709e+01,1.467602e+02,1.799334e+02,6.622685e+01,4.447671e+01,2.531386e+01,0
1.578902e+02,1.247142e+02,1.081109e+02,8.367810e+01,5.514880e+01,2.664449e+01,0
9.406543e+01,1.093128e+02,1.255276e+02,6.047740e+01,5.384929e+01,5.380456e+01,0
1.379479e+02,1.486650e+02,1.598588e+02,4.484218e+01,4.870767e+01,6.296107e+01,0
1.054588e+02,1.262740e+02,1.955403e+02,5.042457e+01,4.965424e+01,7.094340e+01,0
8.597621e+01,1.082177e+02,1.304980e+02,5.547889e+01,4.778946e+01,6.442202e+01,0
1.511502e+02,1.168173e+02,1.401791e+02,6.316169e+01,4.765324e+01,5.389131e+01,0
8.035982e+01,1.013040e+02,1.470414e+02,9.024711e+01,9.892393e+01,8.270840e+01,0
5.298833e+01,9.479512e+01,1.289254e+02,4.207779e+01,5.693926e+01,5.607418e+01,0
9.548836e+01,5.774747e+01,4.432101e+01,4.624221e+01,2.656821e+01,1.552978e+01,0
8.764178e+01,1.008312e+02,1.266548e+02,6.484078e+01,5.524966e+01,8.519441e+01,0
1.273350e+02,1.281985e+02,1.393577e+02,3.347689e+01,3.565335e+01,4.418105e+01,0
1.383167e+02,1.476278e+02,1.644345e+02,3.609428e+01,3.067942e+01,3.239718e+01,0
1.376514e+02,1.426895e+02,1.557516e+02,3.214936e+01,3.092566e+01,3.099896e+01,0
1.122376e+02,1.149367e+02,1.274103e+02,4.511209e+01,4.563488e+01,4.750942e+01,0
1.456879e+02,1.203631e+02,1.375530e+02,4.398952e+01,4.093160e+01,4.378833e+01,0
1.224064e+02,1.543261e+02,1.793423e+02,6.252352e+01,4.466677e+01,4.998993e+01,0
8.537177e+01,1.375364e+02,1.935909e+02,4.366189e+01,3.735198e+01,5.188131e+01,0
1.195174e+02,1.292046e+02,1.273932e+02,3.240561e+01,2.727998e+01,2.192148e+01,0
1.077386e+02,1.223311e+02,1.738260e+02,3.623721e+01,4.159596e+01,5.259783e+01,0
1.256264e+02,1.498011e+02,1.855242e+02,2.127207e+01,3.147339e+01,5.150952e+01,0
1.600339e+02,6.666182e+01,3.410455e+01,5.199165e+01,2.865550e+01,2.260589e+01,0
1.246062e+02,1.057520e+02,1.069831e+02,6.849898e+01,5.192905e+01,4.628472e+01,0
1.551141e+02,1.696619e+02,1.847566e+02,3.783026e+01,3.723844e+01,4.898876e+01,0
1.714517e+02,1.690079e+02,1.646802e+02,3.135395e+01,2.152635e+01,2.385087e+01,0
1.410246e+02,1.672171e+02,1.724193e+02,6.683909e+01,6.751149e+01,6.844408e+01,0
1.721607e+02,1.974906e+02,2.096609e+02,3.164565e+01,1.847917e+01,1.664791e+01,0
1.500920e+02,1.133404e+02,7.856740e+01,7.796630e+01,7.165065e+01,4.755111e+01,0
1.544403e+02,1.284694e+02,1.462374e+02,4.605948e+01,4.380879e+01,4.639489e+01,0
8.250909e+01,9.525471e+01,1.237474e+02,5.765874e+01,5.305163e+01,4.975669e+01,0
7.227567e+01,6.590979e+01,6.152020e+01,4.821105e+01,4.425221e+01,4.206283e+01,0
1.102867e+02,1.168929e+02,1.400475e+02,4.298331e+01,3.810765e+01,3.630462e+01,0
8.599654e+01,8.990987e+01,1.052129e+02,3.651401e+01,3.638582e+01,4.650540e+01,0
1.096446e+02,1.118990e+02,1.266819e+02,1.282930e+01,1.162309e+01,2.346500e+01,0
1.330787e+02,1.371381e+02,1.597126e+02,3.466526e+01,3.381074e+01,4.502322e+01,0
1.062450e+02,1.307127e+02,1.511815e+02,6.786980e+01,6.736997e+01,6.963393e+01,0
8.469661e+01,1.033448e+02,1.147909e+02,5.272856e+01,5.285645e+01,6.513435e+01,0
7.911488e+01,1.025544e+02,1.193884e+02,3.576245e+01,3.275867e+01,5.230092e+01,0
1.007758e+02,1.243253e+02,1.633349e+02,2.757232e+01,3.092725e+01,4.833247e+01,0
1.341062e+02,9.929858e+01,4.348453e+01,7.192272e+01,5.771958e+01,2.607039e+01,0
9.411375e+01,1.099518e+02,1.262139e+02,6.688843e+01,7.071030e+01,8.123513e+01,0
1.440137e+02,1.590551e+02,1.579680e+02,5.796221e+01,6.120550e+01,6.658505e+01,0
1.285848e+02,1.342765e+02,1.339049e+02,6.262762e+01,6.501043e+01,6.727184e+01,0
1.662280e+02,1.735168e+02,1.717411e+02,5.311701e+01,5.156694e+01,4.832942e+01,0
1.492229e+02,1.452975e+02,1.377871e+02,4.612722e+01,4.262466e+01,4.584262e+01,0
1.346075e+02,1.288473e+02,1.254863e+02,6.113407e+01,6.596087e+01,6.120822e+01,0
1.451135e+02,1.355117e+02,1.439450e+02,7.059267e+01,7.274181e+01,6.678330e+01,0
7.982646e+01,4.715877e+01,6.330849e+01,6.271023e+01,3.026680e+01,2.310672e+01,0
4.770619e+01,6.932997e+01,9.465900e+01,4.720014e+01,5.283198e+01,6.760866e+01,0
1.006971e+02,1.047737e+02,1.035521e+02,4.905438e+01,4.087250e+01,3.519198e+01,0
1.708679e+02,1.720672e+02,1.816377e+02,6.563553e+01,5.528803e+01,5.816385e+01,0
1.021128e+02,1.278938e+02,1.429250e+02,9.171644e+01,7.346553e+01,5.918850e+01,0
1.450388e+02,1.471654e+02,1.479626e+02,6.322883e+01,5.560514e+01,5.351715e+01,0
1.495227e+02,1.835239e+02,1.929846e+02,4.328991e+01,3.753932e+01,2.710989e+01,0
1.602626e+02,8.755374e+01,6.285976e+01,7.763254e+01,3.759049e+01,2.907697e+01,0
1.803758e+02,1.643071e+02,1.667359e+02,4.629226e+01,4.715426e+01,5.193480e+01,0
1.540403e+02,1.143592e+02,8.281975e+01,8.769656e+01,7.700651e+01,7.080256e+01,0
1.430996e+02,1.135900e+02,1.056900e+02,8.301796e+01,7.102949e+01,6.263324e+01,0
9.469527e+01,9.078650e+01,6.894466e+01,7.019001e+01,6.559335e+01,5.767622e+01,0
1.210251e+02,1.119565e+02,1.470448e+02,4.783362e+01,4.076409e+01,5.155154e+01,0
1.173817e+02,1.088546e+02,9.816010e+01,5.745135e+01,4.677382e+01,4.892970e+01,0
1.744881e+02,1.882911e+02,2.022593e+02,4.287022e+01,4.067818e+01,4.145334e+01,0
1.228863e+02,1.372858e+02,1.476311e+02,4.317876e+01,4.091503e+01,4.474329e+01,0
2.100119e+02,1.347297e+02,6.567967e+01,4.031696e+01,4.190025e+01,3.237327e+01,0
8.786450e+01,1.302343e+02,1.196219e+02,5.841809e+01,7.259717e+01,8.969225e+01,0
7.592744e+01,1.119938e+02,1.338052e+02,4.447272e+01,4.519057e+01,4.015656e+01,0
2.041447e+02,1.130951e+02,5.367741e+01,6.801455e+01,4.336526e+01,1.388590e+01,0
6.236880e+01,8.414355e+01,1.153604e+02,4.851075e+01,4.737091e+01,5.883093e+01,0
7.879797e+01,1.058318e+02,1.229126e+02,6.085983e+01,5.518108e+01,5.404101e+01,0
1.109163e+02,1.539317e+02,2.053765e+02,5.544610e+01,5.403248e+01,6.366765e+01,0
5.755522e+01,9.221143e+01,1.299732e+02,3.622897e+01,4.138325e+01,8.364360e+01,0
1.505054e+02,8.332628e+01,8.317551e+00,8.456042e+01,5.761488e+01,1.545047e+01,0
1.787264e+02,9.717761e+01,2.507968e+01,7.126578e+01,6.111073e+01,4.257616e+01,0
1.357029e+02,9.848209e+01,3.053873e+01,7.895837e+01,6.301769e+01,2.763722e+01,0
1.346777e+02,6.843770e+01,1.384355e+01,6.156100e+01,4.885999e+01,1.681758e+01,0
1.574238e+02,8.172505e+01,5.461729e+01,6.282696e+01,2.258378e+01,6.044109e+00,0
8.995439e+01,5.199294e+01,2.284734e+01,5.638829e+01,4.105779e+01,1.839600e+01,0
1.199117e+02,1.011357e+02,5.464778e+01,6.922708e+01,5.573958e+01,3.099752e+01,0
1.447011e+02,1.360491e+02,1.046670e+02,8.685086e+01,7.930440e+01,6.444502e+01,0
2.318418e+02,1.865760e+02,7.809274e+01,4.394092e+01,5.939933e+01,3.690375e+01,0
1.361774e+02,1.300833e+02,1.562313e+02,6.293480e+01,5.340601e+01,5.364990e+01,0
1.581530e+02,1.535900e+02,1.549519e+02,8.083397e+01,8.184087e+01,8.102105e+01,0
1.800193e+02,1.235835e+02,8.513556e+01,6.505721e+01,5.057811e+01,3.197173e+01,0
1.467745e+02,1.221761e+02,1.139921e+02,8.096059e+01,6.845143e+01,5.963826e+01,0
1.347938e+02,7.923453e+01,4.479230e+01,9.272766e+01,5.979291e+01,3.434272e+01,0
1.180372e+02,1.064495e+02,9.381575e+01,8.495150e+01,7.301042e+01,6.730804e+01,0
1.390441e+02,1.586216e+02,1.487971e+02,6.362082e+01,6.174133e+01,4.841658e+01,0
6.582210e+01,9.298175e+01,1.357907e+02,3.077513e+01,2.155169e+01,3.028896e+01,0
7.552936e+01,1.735780e+02,2.069080e+02,4.313296e+01,5.210867e+01,4.785317e+01,0
1.382719e+02,1.098640e+02,1.066504e+02,5.891489e+01,4.585646e+01,4.555390e+01,0
1.300252e+02,7.272141e+01,7.048293e+01,6.067843e+01,5.071907e+01,4.046259e+01,0
9.911484e+01,1.571971e+02,1.841036e+02,4.891447e+01,6.365572e+01,6.172645e+01,0
1.457182e+02,1.617003e+02,1.560076e+02,5.978712e+01,6.040060e+01,5.716192e+01,0
1.169061e+02,1.327030e+02,1.643061e+02,4.584669e+01,4.245026e+01,6.043015e+01,0
9.904918e+01,1.005177e+02,1.213310e+02,3.980981e+01,4.326329e+01,6.135141e+01,0
9.296080e+01,1.045712e+02,9.792570e+01,5.242580e+01,5.390716e+01,6.075442e+01,0
1.024445e+02,1.195387e+02,1.390123e+02,4.143049e+01,4.026321e+01,4.392258e+01,0
9.712482e+01,1.142961e+02,1.227190e+02,4.899268e+01,4.679519e+01,6.312874e+01,0
9.859096e+01,1.254334e+02,1.561236e+02,4.929557e+01,4.885009e+01,6.216999e+01,0
1.050971e+02,1.310115e+02,1.616339e+02,5.092335e+01,4.842544e+01,5.651336e+01,0
1.262666e+02,1.425906e+02,1.731480e+02,2.913091e+01,3.559039e+01,5.263136e+01,0
1.176170e+02,1.238939e+02,1.387025e+02,4.309372e+01,4.478900e+01,5.001430e+01,0
7.055547e+01,9.836113e+01,1.176478e+02,5.828597e+01,6.390114e+01,7.739218e+01,0
1.193298e+02,1.367746e+02,1.434856e+02,6.701338e+01,6.756191e+01,7.722999e+01,0
1.397533e+02,1.616563e+02,1.785630e+02,7.445859e+01,6.981259e+01,6.801138e+01,0
7.056819e+01,9.188873e+01,9.888132e+01,6.282464e+01,5.327449e+01,5.553627e+01,0
6.600729e+01,1.101370e+02,1.454431e+02,5.798462e+01,5.572879e+01,6.657706e+01,0
4.164418e+01,6.969072e+01,8.877133e+01,4.946326e+01,5.176083e+01,5.647837e+01,0
6.908450e+01,8.956075e+01,9.258069e+01,5.145295e+01,4.259550e+01,4.652697e+01,0
9.914594e+01,9.806032e+01,8.203601e+01,6.647212e+01,5.755351e+01,6.108523e+01,0
8.553227e+01,1.090569e+02,1.239157e+02,7.037508e+01,6.451086e+01,7.335303e+01,0
3.166882e+01,4.383582e+01,4.816634e+01,5.150512e+01,4.961811e+01,4.992305e+01,0
3.942894e+01,4.987270e+01,5.937402e+01,5.216984e+01,5.026175e+01,5.789798e+01,0
7.267522e+01,1.176295e+02,1.530541e+02,7.560028e+01,6.618285e+01,6.683568e+01,0
4.755624e+01,8.606905e+01,1.157771e+02,5.803934e+01,5.835838e+01,7.184826e+01,0
1.582701e+02,1.551493e+02,1.686105e+02,4.095694e+01,3.725810e+01,3.968219e+01,0
1.335683e+02,1.396862e+02,1.627180e+02,2.473797e+01,3.153041e+01,4.252217e+01,0
1.658458e+02,1.668258e+02,1.767101e+02,6.383556e+01,5.729803e+01,6.035946e+01,0
1.035468e+02,1.277355e+02,1.547316e+02,4.109816e+01,3.755178e+01,4.390479e+01,0
1.447849e+02,1.490954e+02,1.493118e+02,6.399961e+01,5.705170e+01,5.901979e+01,0
1.184907e+02,1.105831e+02,1.010360e+02,6.320582e+01,4.772663e+01,3.902326e+01,0
1.150960e+02,9.425826e+01,8.007664e+01,6.422090e+01,4.562684e+01,3.761953e+01,0
1.135967e+02,9.175543e+01,5.823387e+01,8.298741e+01,6.732386e+01,5.626982e+01,0
1.168210e+02,1.055700e+02,1.189229e+02,5.565297e+01,3.252674e+01,3.076099e+01,0
1.107439e+02,1.300958e+02,1.426183e+02,4.304841e+01,3.389682e+01,3.879169e+01,0
1.063685e+02,1.277052e+02,1.481881e+02,3.664940e+01,3.029004e+01,3.701351e+01,0
1.229833e+02,1.545127e+02,1.795707e+02,5.522798e+01,4.340976e+01,5.195265e+01,0
1.270499e+02,1.238262e+02,1.264491e+02,6.312717e+01,5.739710e+01,5.189064e+01,0
1.115245e+02,9.975229e+01,7.877692e+01,8.168770e+01,6.803074e+01,5.305598e+01,0
1.378771e+02,1.487473e+02,1.662575e+02,2.203640e+01,2.255081e+01,2.606031e+01,0
1.144623e+02,1.249706e+02,1.364521e+02,4.592578e+01,4.880847e+01,5.836580e+01,0
1.128112e+02,1.192188e+02,1.155085e+02,3.330640e+01,4.065426e+01,5.182698e+01,0
1.335651e+02,1.460627e+02,1.549625e+02,3.278536e+01,3.602166e+01,4.272334e+01,0
9.925830e+01,1.276453e+02,1.442450e+02,4.677112e+01,5.188814e+01,5.120839e+01,0
1.692186e+02,1.560216e+02,1.527719e+02,3.697600e+01,2.956508e+01,3.067837e+01,0
1.256380e+02,1.131001e+02,1.096267e+02,4.096480e+01,2.273210e+01,2.785868e+01,0
1.602999e+02,1.517496e+02,1.478893e+02,4.119954e+01,3.568992e+01,4.308773e+01,0
1.448370e+02,1.368183e+02,1.297198e+02,6.047390e+01,5.526973e+01,5.535712e+01,0
1.631556e+02,1.786313e+02,1.895552e+02,5.989635e+01,5.706573e+01,5.727518e+01,0
1.226665e+02,1.365374e+02,1.451453e+02,7.748802e+01,7.983844e+01,8.292940e+01,0
6.362392e+01,1.427357e+02,1.511344e+02,5.522629e+01,3.797291e+01,4.210902e+01,0
1.386288e+02,1.033594e+02,1.149223e+02,9.906200e+01,7.859257e+01,8.583426e+01,0
1.717639e+02,1.001397e+02,1.410862e+02,7.935195e+01,6.463434e+01,6.225287e+01,0
6.754819e+01,8.357384e+01,1.877994e+02,2.756250e+01,2.965066e+01,5.354968e+01,0
1.219422e+02,1.107383e+02,1.016298e+02,7.236836e+01,6.189710e+01,6.095756e+01,0
1.308967e+02,1.380517e+02,1.615359e+02,3.009915e+01,3.914654e+01,4.141813e+01,0
1.113048e+02,1.241375e+02,1.037683e+02,4.883481e+01,4.760309e+01,5.293006e+01,0
1.125121e+02,1.165895e+02,1.097179e+02,5.648205e+01,5.127432e+01,5.575036e+01,0
1.307162e+02,1.118318e+02,5.877457e+01,8.659159e+01,7.644118e+01,4.685140e+01,0
9.466191e+01,9.327493e+01,7.818884e+01,7.420634e+01,6.937184e+01,4.744021e+01,0
9.453389e+01,8.993539e+01,6.944292e+01,7.825032e+01,7.089325e+01,5.441780e+01,0
1.375093e+02,9.486441e+01,6.490120e+01,5.176250e+01,3.338336e+01,2.127350e+01,0
1.343380e+02,9.334486e+01,4.756812e+01,4.950125e+01,2.357681e+01,1.650415e+01,0
1.025154e+02,8.852127e+01,6.616948e+01,8.673184e+01,7.510655e+01,5.098889e+01,0
8.752209e+01,8.455125e+01,6.974423e+01,6.703683e+01,5.112754e+01,2.181891e+01,0
1.507692e+02,8.339824e+01,1.642381e+01,6.021369e+01,5.628023e+01,4.655053e+01,0
1.557005e+02,1.130335e+02,6.774738e+01,4.584472e+01,2.777628e+01,2.011345e+01,0
1.496216e+02,1.135482e+02,5.254941e+01,9.229267e+01,8.266577e+01,3.472846e+01,0
1.613418e+02,1.147564e+02,7.191412e+01,8.114480e+01,6.027849e+01,3.812604e+01,0
2.051845e+02,1.558251e+02,6.815701e+01,5.761120e+01,5.924869e+01,4.328162e+01,0
1.567458e+02,9.535490e+01,6.849161e+01,6.700482e+01,4.198777e+01,4.207479e+01,0
1.368967e+02,1.142936e+02,6.966199e+01,7.763191e+01,6.105405e+01,3.318799e+01,0
1.215847e+02,7.738271e+01,1.231409e+01,5.864404e+01,3.117403e+01,2.149571e+01,0
1.031331e+02,9.170224e+01,7.392780e+01,6.731205e+01,5.628511e+01,4.179774e+01,0
1.234763e+02,1.076735e+02,1.072403e+02,7.592345e+01,6.304951e+01,4.517123e+01,0
8.054996e+01,5.904904e+01,6.696765e+01,6.898372e+01,2.570337e+01,1.636800e+01,0
1.294443e+02,1.017573e+02,7.852560e+01,4.085154e+01,1.829553e+01,1.003052e+01,0
1.102765e+02,1.007664e+02,7.321686e+01,7.694958e+01,6.274762e+01,3.748518e+01,0
1.150115e+02,4.021793e+01,3.271706e+01,6.228003e+01,2.803673e+01,1.729637e+01,0
6.564056e+01,6.470645e+01,7.991304e+01,5.574082e+01,4.520625e+01,5.385181e+01,0
1.569226e+02,1.070274e+02,4.512297e+01,4.981362e+01,3.587183e+01,1.620944e+01,0
1.042081e+02,7.366014e+01,5.900449e+01,7.614795e+01,5.683155e+01,3.474611e+01,0
8.992186e+01,7.560477e+01,4.195511e+01,7.217461e+01,6.016789e+01,4.215312e+01,0
1.187250e+02,1.054085e+02,7.435109e+01,7.062902e+01,6.616152e+01,5.235631e+01,0
1.416730e+02,8.414027e+01,2.809610e+01,4.989681e+01,4.376146e+01,2.273923e+01,0
1.002982e+02,8.703262e+01,6.738503e+01,4.771056e+01,2.973463e+01,1.328435e+01,0
8.644998e+01,7.188020e+01,3.600099e+01,6.928918e+01,5.830982e+01,3.319516e+01,0
1.257637e+02,6.245093e+01,2.669728e+01,7.176097e+01,4.573253e+01,2.416828e+01,0
1.197813e+02,9.907382e+01,8.753236e+01,5.480028e+01,5.065293e+01,4.580962e+01,1
1.166361e+02,1.253980e+02,8.534674e+01,5.047746e+01,5.011915e+01,3.613911e+01,1
1.111022e+02,1.201784e+02,7.575021e+01,5.096009e+01,4.953163e+01,4.296910e+01,1
1.235464e+02,1.286864e+02,8.217703e+01,3.933946e+01,3.881876e+01,3.396384e+01,1
1.209810e+02,1.243213e+02,8.771742e+01,4.675823e+01,4.632602e+01,4.356580e+01,1
1.312072e+02,1.243415e+02,1.155084e+02,4.228935e+01,3.638333e+01,3.539381e+01,1
1.232475e+02,1.301887e+02,7.925542e+01,5.047805e+01,5.006052e+01,3.585773e+01,1
1.039122e+02,9.610716e+01,7.408145e+01,6.461658e+01,5.806349e+01,5.232571e+01,1
6.881903e+01,9.511710e+01,5.439674e+01,3.985385e+01,5.067284e+01,2.847308e+01,1
6.848299e+01,7.196552e+01,3.174225e+01,3.154440e+01,3.172731e+01,2.621487e+01,1
8.395967e+01,7.267332e+01,5.280376e+01,5.232877e+01,4.787669e+01,4.518597e+01,1
6.114696e+01,6.371191e+01,4.918465e+01,4.118143e+01,4.031121e+01,3.762944e+01,1
4.498967e+01,4.659055e+01,2.782523e+01,4.020290e+01,3.794463e+01,2.499074e+01,1
4.854427e+01,5.574803e+01,5.855162e+01,5.142289e+01,5.493272e+01,5.710695e+01,1
6.562207e+01,8.177916e+01,4.577812e+01,4.704880e+01,5.421119e+01,3.633649e+01,1
4.050607e+01,4.521133e+01,4.879353e+01,6.307912e+01,6.668385e+01,6.888961e+01,1
4.488901e+01,3.868619e+01,5.315848e+01,5.315038e+01,4.919050e+01,5.402211e+01,1
6.421291e+01,9.766975e+01,5.803032e+01,3.445253e+01,4.342100e+01,3.235731e+01,1
4.485072e+01,5.817094e+01,3.831441e+01,3.993244e+01,4.477967e+01,3.099810e+01,1
8.742122e+01,8.397639e+01,6.258990e+01,6.951324e+01,6.882264e+01,7.267633e+01,1
6.015057e+01,7.944495e+01,6.618442e+01,4.366334e+01,5.118924e+01,5.097811e+01,1
6.529143e+01,7.094626e+01,4.018819e+01,3.649506e+01,3.989530e+01,4.060284e+01,1
4.337067e+01,4.967957e+01,2.783919e+01,3.011297e+01,3.185591e+01,2.808221e+01,1
7.517758e+01,9.718408e+01,8.925998e+01,5.558743e+01,5.264602e+01,5.372302e+01,1
7.528987e+01,7.579549e+01,4.286151e+01,3.508538e+01,3.187030e+01,3.126748e+01,1
8.819864e+01,9.082877e+01,4.447720e+01,3.858140e+01,4.013362e+01,3.229489e+01,1
6.832106e+01,8.401878e+01,7.898201e+01,5.070982e+01,6.006769e+01,6.523305e+01,1
1.044553e+02,8.886229e+01,5.233978e+01,4.199764e+01,3.939647e+01,2.954223e+01,1
1.124071e+02,1.154178e+02,7.366780e+01,3.702343e+01,3.957527e+01,4.565621e+01,1
6.821335e+01,7.869362e+01,6.301186e+01,4.290229e+01,4.473041e+01,4.819531e+01,1
7.289600e+01,9.269102e+01,5.535728e+01,6.119431e+01,5.818581e+01,6.579404e+01,1
9.596768e+01,1.044368e+02,5.677020e+01,4.688172e+01,4.064926e+01,2.710790e+01,1
7.703381e+01,8.070412e+01,4.957173e+01,4.185568e+01,4.292532e+01,5.901180e+01,1
6.914536e+01,8.906630e+01,8.411816e+01,5.170411e+01,6.198207e+01,5.436635e+01,1
3.534113e+01,4.185843e+01,3.543457e+01,3.321997e+01,3.870070e+01,3.713398e+01,1
4.622325e+01,5.382498e+01,3.196533e+01,3.917390e+01,4.770545e+01,2.571237e+01,1
1.320074e+02,1.059711e+02,7.723970e+01,4.129128e+01,3.589186e+01,3.147179e+01,1
6.682350e+01,9.447169e+01,4.296477e+01,3.436997e+01,3.965007e+01,2.951898e+01,1
6.011395e+01,9.165154e+01,5.684770e+01,3.044614e+01,3.685492e+01,3.398596e+01,1
8.563974e+01,1.081158e+02,3.032321e+01,5.452953e+01,6.314514e+01,2.823230e+01,1
5.752948e+01,6.267291e+01,2.379832e+01,3.447223e+01,3.502222e+01,3.521313e+01,1
1.004153e+02,1.231227e+02,8.491545e+01,3.549357e+01,3.749172e+01,2.117738e+01,1
1.059942e+02,1.196073e+02,9.558586e+01,6.699213e+01,6.615585e+01,5.966094e+01,1
8.965123e+01,1.093291e+02,9.499893e+01,5.328959e+01,5.506526e+01,5.561745e+01,1
1.258382e+02,1.292391e+02,7.665094e+01,6.307936e+01,5.874934e+01,3.463865e+01,1
1.934753e+02,1.674843e+02,1.063524e+02,5.018155e+01,4.634105e+01,4.197801e+01,1
1.205975e+02,1.430038e+02,7.221089e+01,4.275060e+01,3.930119e+01,3.464023e+01,1
1.602408e+02,1.409435e+02,7.398154e+01,5.896226e+01,5.369761e+01,4.366294e+01,1
1.480681e+02,1.472548e+02,1.495913e+02,4.581154e+01,4.505990e+01,4.692777e+01,1
1.097094e+02,1.048630e+02,7.215172e+01,5.416225e+01,5.083165e+01,4.174337e+01,1
9.059940e+01,6.986491e+01,5.638548e+01,5.676214e+01,4.319492e+01,4.055836e+01,1
1.692374e+02,5.400902e+01,4.836752e+01,5.514936e+01,4.496263e+01,4.344493e+01,1
1.083666e+02,1.067848e+02,5.935515e+01,4.054843e+01,3.285281e+01,2.313115e+01,1
1.212645e+02,1.302478e+02,1.085240e+02,4.062368e+01,3.989997e+01,4.094610e+01,1
1.144279e+02,1.219471e+02,9.718478e+01,3.753792e+01,3.817819e+01,3.575618e+01,1
1.333113e+02,1.301250e+02,1.237122e+02,3.863883e+01,3.723187e+01,4.197487e+01,1
1.265083e+02,1.282720e+02,1.130069e+02,3.753111e+01,3.771717e+01,3.963931e+01,1
1.276796e+02,1.297656e+02,9.663316e+01,3.193332e+01,3.186621e+01,2.603838e+01,1
1.279490e+02,1.297307e+02,1.047744e+02,2.612705e+01,2.733446e+01,2.566842e+01,1
1.324741e+02,1.291791e+02,1.062857e+02,3.052540e+01,3.129122e+01,2.966772e+01,1
1.173637e+02,1.245797e+02,1.073025e+02,5.666213e+01,5.434962e+01,5.822448e+01,1
1.183056e+02,1.225813e+02,8.737694e+01,5.930310e+01,5.947939e+01,5.456638e+01,1
1.147338e+02,1.138370e+02,7.555304e+01,4.122944e+01,4.262357e+01,3.612930e+01,1
1.135810e+02,1.084025e+02,7.523810e+01,4.348504e+01,4.542227e+01,3.917427e+01,1
1.330352e+02,1.304394e+02,1.082879e+02,4.503029e+01,5.114680e+01,6.560513e+01,1
1.160299e+02,1.231916e+02,8.163211e+01,5.833629e+01,5.449919e+01,4.887122e+01,1
1.403136e+02,1.428480e+02,9.563509e+01,4.771690e+01,4.654278e+01,4.276423e+01,1
9.337566e+01,9.648189e+01,6.997594e+01,5.216710e+01,5.223841e+01,4.496960e+01,1
1.238007e+02,1.275490e+02,8.318710e+01,4.194625e+01,4.153837e+01,4.046531e+01,1
1.313359e+02,1.376425e+02,1.044003e+02,5.049111e+01,5.014451e+01,6.002297e+01,1
1.332480e+02,1.278866e+02,9.727303e+01,5.312363e+01,4.763075e+01,5.010405e+01,1
1.119760e+02,1.140321e+02,7.780330e+01,4.765103e+01,4.511045e+01,4.268330e+01,1
1.179839e+02,1.314608e+02,1.092458e+02,6.496467e+01,6.060385e+01,7.303552e+01,1
1.450612e+02,1.355595e+02,1.067816e+02,4.882816e+01,4.467119e+01,5.142237e+01,1
1.312249e+02,1.162944e+02,8.997057e+01,6.072569e+01,5.239389e+01,5.968843e+01,1
1.255429e+02,1.265005e+02,8.659160e+01,4.577797e+01,4.448465e+01,4.236193e+01,1
1.236154e+02,1.226447e+02,9.272308e+01,4.328813e+01,4.218195e+01,4.566658e+01,1
1.121874e+02,1.135930e+02,8.182571e+01,4.545811e+01,4.257277e+01,3.973514e+01,1
1.383009e+02,1.409963e+02,9.845029e+01,3.728185e+01,3.715180e+01,3.810481e+01,1
1.183601e+02,1.244866e+02,7.885533e+01,3.998108e+01,3.797131e+01,4.031383e+01,1
1.252572e+02,1.289374e+02,8.644565e+01,4.060850e+01,3.837414e+01,4.025103e+01,1
1.039673e+02,9.787459e+01,7.153618e+01,6.596362e+01,5.781180e+01,5.475789e+01,1
1.063744e+02,1.037194e+02,6.440334e+01,4.369074e+01,3.768747e+01,3.056830e+01,1
1.161168e+02,1.170963e+02,7.346361e+01,5.159465e+01,5.084188e+01,4.279317e+01,1
1.395624e+02,1.368538e+02,9.240379e+01,3.380715e+01,3.303572e+01,2.861869e+01,1
1.001417e+02,1.120681e+02,9.663943e+01,6.981839e+01,7.218158e+01,8.843173e+01,1
8.635927e+01,9.370131e+01,7.826372e+01,5.838981e+01,5.877946e+01,6.798103e+01,1
1.151516e+02,1.208578e+02,7.538463e+01,5.176640e+01,5.220557e+01,5.130053e+01,1
8.221524e+01,8.540219e+01,4.778130e+01,4.634427e+01,4.832954e+01,4.138550e+01,1
1.365766e+02,1.362892e+02,9.874213e+01,6.303488e+01,6.213233e+01,6.936866e+01,1
9.766162e+01,1.009058e+02,9.047174e+01,7.233791e+01,7.337801e+01,8.147030e+01,1
1.015958e+02,1.052285e+02,6.131386e+01,3.866683e+01,3.573611e+01,3.215473e+01,1
1.400330e+02,1.385302e+02,9.706351e+01,3.868007e+01,3.611529e+01,4.828376e+01,1
9.984229e+01,9.948994e+01,6.579861e+01,3.538172e+01,3.406238e+01,2.792860e+01,1
1.199224e+02,1.175271e+02,8.666946e+01,3.588174e+01,3.370085e+01,3.296766e+01,1
1.330585e+02,1.328300e+02,9.437610e+01,3.424053e+01,3.042531e+01,2.495305e+01,1
1.133961e+02,1.133582e+02,8.166817e+01,2.581390e+01,2.665348e+01,2.408185e+01,1
1.236495e+02,1.249061e+02,9.205637e+01,2.988579e+01,2.721977e+01,2.318433e+01,1
1.319897e+02,1.276042e+02,8.999510e+01,3.523102e+01,2.753631e+01,1.857059e+01,1
1.020634e+02,1.045188e+02,8.110361e+01,2.741967e+01,2.399536e+01,2.104557e+01,1
7.792825e+01,8.500546e+01,6.069255e+01,2.788977e+01,2.606050e+01,2.648444e+01,1
1.189703e+02,1.198400e+02,1.079215e+02,5.611214e+01,5.540823e+01,6.006373e+01,1
9.914005e+01,1.015564e+02,8.183720e+01,2.627107e+01,2.592996e+01,2.280766e+01,1
1.102920e+02,1.218740e+02,1.117650e+02,2.955167e+01,2.968646e+01,3.081328e+01,1
1.394510e+02,1.372729e+02,1.458445e+02,4.644376e+01,3.759772e+01,4.934243e+01,1
1.226719e+02,1.253093e+02,1.166768e+02,4.867168e+01,4.880680e+01,4.529533e+01,1
9.835107e+01,1.222585e+02,5.738855e+01,8.457580e+01,7.981501e+01,7.024603e+01,1
1.037536e+02,1.271035e+02,9.114236e+01,3.408561e+01,3.541235e+01,2.527917e+01,1
4.757574e+01,6.592863e+01,9.271500e+01,3.887787e+01,4.136821e+01,4.753881e+01,1
9.751250e+01,1.120358e+02,1.246768e+02,7.964035e+01,7.176529e+01,7.340011e+01,1
9.470256e+01,1.004010e+02,6.529857e+01,8.218823e+01,7.954062e+01,5.974157e+01,1
8.987122e+01,1.036734e+02,7.946530e+01,6.525945e+01,6.253500e+01,5.522380e+01,1
1.070860e+02,1.215379e+02,7.983817e+01,6.848085e+01,6.681169e+01,6.183151e+01,1
1.156629e+02,1.375084e+02,1.071564e+02,6.275372e+01,6.813949e+01,9.060626e+01,1
1.060736e+02,1.257939e+02,5.156964e+01,7.787035e+01,7.695928e+01,6.183463e+01,1
1.005479e+02,1.184586e+02,8.792055e+01,8.347661e+01,8.008055e+01,7.661880e+01,1
1.119332e+02,1.312775e+02,1.422069e+02,7.571621e+01,7.462139e+01,8.435301e+01,1
7.756458e+01,1.045362e+02,1.198284e+02,4.940197e+01,6.525192e+01,9.987208e+01,1
1.129977e+02,1.257914e+02,1.185390e+02,6.805119e+01,7.301531e+01,6.744572e+01,1
9.029347e+01,1.048151e+02,7.800682e+01,6.568438e+01,6.487778e+01,5.633628e+01,1
8.718448e+01,1.314858e+02,6.703806e+01,4.860146e+01,5.131071e+01,4.181157e+01,1
1.220176e+02,1.324304e+02,5.989813e+01,5.751962e+01,3.993816e+01,3.318787e+01,1
7.763840e+01,8.145346e+01,5.588431e+01,6.246017e+01,5.921595e+01,4.692467e+01,1
6.894221e+01,8.434163e+01,5.325247e+01,6.156044e+01,5.951841e+01,4.827196e+01,1
1.016501e+02,1.349132e+02,1.173197e+02,5.428921e+01,6.133802e+01,6.707537e+01,1
7.919511e+01,9.676796e+01,7.928708e+01,4.176728e+01,4.154213e+01,4.525005e+01,1
7.609798e+01,1.095128e+02,1.071633e+02,6.327149e+01,6.574629e+01,6.640450e+01,1
4.292848e+01,3.925217e+01,2.780313e+01,5.337369e+01,5.126298e+01,4.399850e+01,1
9.032779e+01,1.238305e+02,8.218842e+01,5.040804e+01,6.385742e+01,4.892634e+01,1
1.011798e+02,1.212921e+02,9.648795e+01,6.219313e+01,6.104945e+01,5.553652e+01,1
9.636220e+01,1.107905e+02,9.972073e+01,6.400518e+01,6.550700e+01,5.690538e+01,1
1.139759e+02,9.896922e+01,3.874501e+01,5.441432e+01,5.504206e+01,2.929235e+01,1
8.359267e+01,1.405335e+02,9.826372e+01,4.684709e+01,5.921735e+01,5.542653e+01,1
1.148730e+02,1.378098e+02,5.611757e+01,6.727576e+01,6.813286e+01,3.187881e+01,1
1.056938e+02,1.180130e+02,7.259167e+01,5.903393e+01,5.620644e+01,4.707426e+01,1
1.362045e+02,1.045679e+02,3.246410e+01,7.163813e+01,6.174928e+01,4.116712e+01,1
1.071077e+02,1.317505e+02,1.125499e+02,6.429394e+01,6.557113e+01,7.307323e+01,1
8.380479e+01,1.032233e+02,5.938107e+01,7.694471e+01,7.405154e+01,6.871933e+01,1
8.872708e+01,1.057684e+02,7.669209e+01,5.233525e+01,5.210315e+01,4.782811e+01,1
1.398801e+02,1.273717e+02,5.420450e+01,5.861374e+01,4.835642e+01,3.665512e+01,1
9.812744e+01,9.907132e+01,8.927243e+01,6.620723e+01,5.249475e+01,4.742530e+01,1
1.130085e+02,1.011155e+02,5.629904e+01,7.385342e+01,6.244077e+01,4.394389e+01,1
9.312057e+01,1.031469e+02,7.988104e+01,5.672017e+01,5.509775e+01,5.003620e+01,1
1.118656e+02,1.178383e+02,1.356960e+02,5.623254e+01,5.441209e+01,5.068658e+01,1
8.335040e+01,9.227954e+01,8.217729e+01,6.053850e+01,7.018672e+01,8.818708e+01,1
1.346936e+02,1.122294e+02,7.956964e+01,9.774343e+01,1.038576e+02,7.202310e+01,1
7.980389e+01,1.091933e+02,9.250017e+01,4.382499e+01,4.295737e+01,7.421128e+01,1
1.000134e+02,6.808394e+01,2.877629e+01,6.335184e+01,5.884349e+01,5.311252e+01,1
6.266121e+01,5.683533e+01,4.462433e+01,7.187765e+01,6.959282e+01,6.663971e+01,1
1.076294e+02,1.195960e+02,1.526761e+02,5.387507e+01,5.411168e+01,5.972884e+01,1
1.055304e+02,1.152575e+02,1.020941e+02,7.423433e+01,7.570400e+01,9.023961e+01,1
4.711597e+01,5.989963e+01,3.187776e+01,4.404614e+01,4.645194e+01,4.668257e+01,1
9.521838e+01,8.618362e+01,3.357512e+01,7.942037e+01,6.851890e+01,4.679307e+01,1
9.636015e+01,9.435240e+01,4.962068e+01,6.024991e+01,5.825563e+01,5.185026e+01,1
8.420572e+01,9.151181e+01,8.552750e+01,7.484529e+01,7.340473e+01,7.703086e+01,1
9.495209e+01,1.025468e+02,8.598195e+01,6.286271e+01,6.413797e+01,9.043371e+01,1
1.611138e+02,1.285001e+02,9.230621e+01,6.403541e+01,6.328354e+01,6.516042e+01,1
7.595003e+01,9.518430e+01,7.974033e+01,3.447202e+01,4.350046e+01,4.018998e+01,1
9.584264e+01,1.030527e+02,9.037833e+01,5.326169e+01,4.985799e+01,5.704640e+01,1
9.483566e+01,1.015959e+02,8.671382e+01,5.808653e+01,6.161926e+01,6.665075e+01,1
1.009686e+02,8.996664e+01,4.072147e+01,6.101437e+01,5.221498e+01,3.446605e+01,1
6.747130e+01,8.560092e+01,3.762735e+01,3.996912e+01,4.648828e+01,3.023528e+01,1
6.396501e+01,6.735722e+01,3.511812e+01,4.106136e+01,4.571980e+01,3.000663e+01,1
7.472131e+01,8.076108e+01,4.954942e+01,5.243972e+01,5.343174e+01,3.941082e+01,1
1.076850e+02,1.225705e+02,9.037241e+01,4.061798e+01,4.203069e+01,3.941252e+01,1
8.279485e+01,8.341904e+01,7.396651e+01,4.941620e+01,4.886299e+01,5.240459e+01,1
9.694099e+01,9.380969e+01,8.783452e+01,7.384967e+01,6.661356e+01,6.319161e+01,1
1.103635e+02,1.167029e+02,6.767108e+01,8.240433e+01,7.303277e+01,7.618055e+01,1
1.179460e+02,8.322719e+01,5.539618e+01,6.137782e+01,7.504319e+01,6.958266e+01,1
1.300114e+02,9.475333e+01,6.731548e+01,6.462437e+01,8.019990e+01,7.478576e+01,1
8.358527e+01,1.065245e+02,7.360597e+01,6.340386e+01,7.350451e+01,5.131395e+01,1
9.087526e+01,1.100004e+02,1.460194e+02,5.904211e+01,5.347973e+01,6.018290e+01,1
8.006770e+01,7.174083e+01,5.616339e+01,7.356751e+01,7.334613e+01,7.223211e+01,1
8.648677e+01,6.268442e+01,2.797118e+01,4.858455e+01,4.442137e+01,4.174466e+01,1
1.037601e+02,1.165419e+02,9.417328e+01,7.886018e+01,7.899201e+01,8.156492e+01,1
1.157868e+02,1.458144e+02,1.100758e+02,5.679577e+01,5.816551e+01,8.375302e+01,1
8.340834e+01,9.204840e+01,8.065067e+01,5.905613e+01,6.847241e+01,8.657245e+01,1
9.318825e+01,1.031007e+02,1.162344e+02,6.382877e+01,6.747921e+01,7.114447e+01,1
9.399411e+01,1.016070e+02,1.163120e+02,7.947663e+01,6.693283e+01,5.875191e+01,1
1.185470e+02,1.218410e+02,1.217140e+02,9.832352e+01,1.006938e+02,1.035072e+02,1
8.549689e+01,9.412276e+01,8.682355e+01,7.297824e+01,7.708761e+01,8.949255e+01,1
1.009364e+02,9.944353e+01,9.057741e+01,5.488207e+01,4.094565e+01,3.747218e+01,1
9.107324e+01,1.031934e+02,8.198802e+01,4.169104e+01,4.155722e+01,3.814139e+01,1
8.597118e+01,9.718481e+01,7.937080e+01,6.401306e+01,6.902244e+01,6.410431e+01,1
1.103345e+02,1.307562e+02,1.170360e+02,5.189057e+01,5.282859e+01,5.822194e+01,1
9.344435e+01,1.079657e+02,7.737682e+01,6.812900e+01,6.707940e+01,5.857788e+01,1
9.239630e+01,1.167532e+02,1.270731e+02,5.695420e+01,6.519632e+01,5.844902e+01,1
9.216974e+01,1.021848e+02,9.290056e+01,5.393783e+01,5.858432e+01,6.257677e+01,1
8.966946e+01,1.023829e+02,1.026177e+02,6.127358e+01,6.040863e+01,5.749815e+01,1
8.949265e+01,1.031754e+02,1.049188e+02,6.606876e+01,7.023644e+01,6.371077e+01,1
7.450455e+01,8.920811e+01,6.378218e+01,6.508576e+01,6.208331e+01,5.230976e+01,1
1.169081e+02,1.275385e+02,8.516026e+01,9.074973e+01,8.817650e+01,6.478520e+01,1
8.728357e+01,8.856937e+01,7.723747e+01,5.983111e+01,6.065223e+01,7.622746e+01,1
4.375430e+01,5.230992e+01,4.323642e+01,4.310355e+01,4.264587e+01,4.063686e+01,1
7.620366e+01,8.431738e+01,8.015236e+01,5.736961e+01,5.614487e+01,6.294925e+01,1
7.244794e+01,8.561443e+01,6.045667e+01,4.625626e+01,4.671503e+01,4.776553e+01,1
7.637129e+01,8.670985e+01,6.020206e+01,4.539536e+01,4.538682e+01,4.518461e+01,1
5.212851e+01,6.995033e+01,5.677296e+01,4.962472e+01,4.547085e+01,3.765002e+01,1
4.896928e+01,5.439473e+01,4.873515e+01,5.311934e+01,5.235350e+01,4.952082e+01,1
6.617792e+01,7.299777e+01,5.480914e+01,4.973413e+01,4.656775e+01,4.403445e+01,1
1.490009e+02,1.448114e+02,9.984451e+01,5.537827e+01,4.985282e+01,5.964308e+01,1
4.668292e+01,6.085268e+01,4.577182e+01,5.856353e+01,6.067482e+01,5.313738e+01,1
4.985046e+01,6.628313e+01,5.661301e+01,5.728629e+01,5.665299e+01,5.837599e+01,1
5.198541e+01,6.033994e+01,3.215228e+01,5.631069e+01,5.510343e+01,5.116770e+01,1
3.637978e+01,4.907793e+01,2.219463e+01,3.378267e+01,3.717909e+01,2.479551e+01,1
1.099323e+02,1.287324e+02,1.115985e+02,4.813146e+01,4.702067e+01,8.210945e+01,1
9.391949e+01,1.188802e+02,1.307677e+02,4.847840e+01,4.866923e+01,5.477913e+01,1
5.915140e+01,7.366023e+01,6.857811e+01,7.333218e+01,7.443001e+01,7.958571e+01,1
6.563141e+01,8.443245e+01,9.281599e+01,6.374353e+01,7.514802e+01,9.687070e+01,1
4.980869e+01,7.248874e+01,8.263719e+01,4.677283e+01,5.430875e+01,6.918359e+01,1
1.320834e+02,1.305066e+02,9.913155e+01,6.975536e+01,5.242268e+01,8.999721e+01,1
1.021552e+02,8.800232e+01,5.857031e+01,6.014609e+01,6.073125e+01,7.617149e+01,1
8.910153e+01,6.714462e+01,2.421973e+01,5.836922e+01,5.002634e+01,3.292315e+01,1
1.552881e+02,1.388219e+02,7.640018e+01,6.500832e+01,5.313832e+01,7.936424e+01,1
1.261066e+02,1.000622e+02,3.484570e+01,6.494459e+01,5.584006e+01,3.910101e+01,1
7.875104e+01,9.785338e+01,5.031137e+01,7.018041e+01,7.311910e+01,4.431259e+01,1
1.348182e+02,1.179361e+02,8.778645e+01,7.359296e+01,7.515351e+01,7.473598e+01,1
1.141608e+02,7.904776e+01,5.170163e+01,6.108358e+01,7.452615e+01,6.797780e+01,1
9.880394e+01,1.083091e+02,1.101643e+02,6.177150e+01,6.639269e+01,8.024197e+01,1
1.496714e+02,1.239024e+02,1.198365e+02,4.685388e+01,5.282653e+01,6.625636e+01,1
1.618654e+02,1.451358e+02,1.336993e+02,7.268484e+01,6.709778e+01,6.003082e+01,1
1.127919e+02,1.203403e+02,9.852097e+01,5.185793e+01,5.191862e+01,4.825038e+01,1
6.456772e+01,6.390833e+01,5.373326e+01,6.546059e+01,6.615213e+01,5.908740e+01,1
1.423510e+02,1.140670e+02,8.248109e+01,7.666428e+01,7.258475e+01,8.245510e+01,1
1.023924e+02,9.791658e+01,4.924883e+01,6.696819e+01,6.048700e+01,4.389573e+01,1
1.329909e+02,1.318891e+02,6.936748e+01,8.060661e+01,5.358997e+01,5.692611e+01,1
6.937068e+01,8.610716e+01,3.350053e+01,5.895037e+01,6.257436e+01,4.425151e+01,1
6.602278e+01,9.183867e+01,4.165799e+01,4.623782e+01,4.826717e+01,3.589506e+01,1
7.421341e+01,6.788756e+01,6.720306e+01,4.544027e+01,4.762580e+01,4.916423e+01,1
6.846033e+01,9.317537e+01,4.911255e+01,3.936409e+01,4.440910e+01,4.406445e+01,1
5.860905e+01,7.800519e+01,3.516426e+01,5.636268e+01,5.496579e+01,5.306372e+01,1
8.101338e+01,1.058067e+02,8.337854e+01,7.006189e+01,6.516561e+01,6.903461e+01,1
7.412390e+01,9.574844e+01,4.322052e+01,5.577757e+01,5.098076e+01,5.965777e+01,1
7.161505e+01,7.975244e+01,8.238557e+01,4.994567e+01,4.905115e+01,5.491226e+01,1
8.200116e+01,1.008744e+02,4.790204e+01,5.673505e+01,5.106648e+01,6.399797e+01,1
8.197691e+01,9.091934e+01,6.853595e+01,5.598921e+01,6.248157e+01,7.123182e+01,1
9.436720e+01,8.734212e+01,5.476405e+01,4.274199e+01,4.168770e+01,3.362222e+01,1
1.613374e+02,1.121581e+02,7.859692e+01,5.246195e+01,6.480254e+01,6.911962e+01,1
8.518573e+01,1.082282e+02,4.991769e+01,4.600738e+01,5.298754e+01,3.743349e+01,1
9.534016e+01,1.149857e+02,5.420410e+01,5.549958e+01,6.227156e+01,4.166526e+01,1
1.504867e+02,9.803107e+01,4.209261e+01,5.863781e+01,6.080393e+01,4.965308e+01,1
1.425756e+02,9.819310e+01,8.094519e+01,6.596949e+01,7.371519e+01,7.520227e+01,1
1.500197e+02,1.229636e+02,9.879358e+01,7.788254e+01,8.593196e+01,8.166072e+01,1
8.212010e+01,9.476727e+01,8.337543e+01,5.290286e+01,6.089136e+01,7.998099e+01,1
8.022342e+01,1.135696e+02,3.092052e+01,4.471922e+01,5.448224e+01,2.787884e+01,1
6.436148e+01,7.661494e+01,4.855934e+01,6.067072e+01,6.165689e+01,5.800664e+01,1
7.532596e+01,8.802365e+01,4.355890e+01,5.073907e+01,5.862718e+01,4.448334e+01,1
8.470554e+01,9.862189e+01,4.821043e+01,5.471277e+01,6.081127e+01,4.665295e+01,1
9.730623e+01,7.983803e+01,5.420520e+01,3.212002e+01,2.975620e+01,2.447532e+01,1
8.707222e+01,8.355095e+01,6.610341e+01,5.680772e+01,6.464280e+01,6.417230e+01,1
1.330353e+02,1.178135e+02,8.132727e+01,4.590014e+01,4.502919e+01,4.370383e+01,1
1.252063e+02,1.249458e+02,1.201857e+02,3.367861e+01,3.206911e+01,2.976232e+01,1
1.266474e+02,1.155975e+02,8.938501e+01,4.406213e+01,4.543615e+01,5.554491e+01,1
1.160463e+02,1.064696e+02,6.307141e+01,7.189911e+01,6.898925e+01,5.861392e+01,1
8.967059e+01,1.163186e+02,1.035714e+02,5.253640e+01,6.768260e+01,7.635540e+01,1
1.084221e+02,1.012838e+02,9.788277e+01,4.144509e+01,4.682001e+01,4.465468e+01,1
4.010364e+01,6.115640e+01,6.062711e+01,4.852789e+01,5.693778e+01,5.378662e+01,1
4.767639e+01,5.998813e+01,4.972575e+01,4.418267e+01,4.723895e+01,4.318287e+01,1
6.296822e+01,7.083405e+01,6.914955e+01,6.381794e+01,6.289071e+01,6.186304e+01,1
8.821126e+01,8.771143e+01,8.263278e+01,6.629158e+01,7.775350e+01,8.602775e+01,1
7.260173e+01,6.854886e+01,5.481766e+01,4.803028e+01,4.834952e+01,4.916176e+01,1
6.485632e+01,6.725859e+01,5.452783e+01,3.157680e+01,3.724077e+01,4.896810e+01,1
6.088704e+01,5.116800e+01,3.492256e+01,2.766226e+01,2.758137e+01,2.306080e+01,1
6.381995e+01,6.766046e+01,3.142009e+01,5.597745e+01,5.597168e+01,3.334696e+01,1
8.840292e+01,8.296722e+01,8.345691e+01,6.147565e+01,6.100565e+01,5.432486e+01,1
1.024333e+02,1.050438e+02,9.551587e+01,3.705214e+01,4.051028e+01,2.979916e+01,1
4.664622e+01,7.485135e+01,4.658919e+01,5.262093e+01,5.911279e+01,5.139902e+01,1
9.845627e+01,1.093598e+02,9.158911e+01,7.100229e+01,7.045448e+01,7.249004e+01,1
9.727376e+01,1.048110e+02,7.872829e+01,9.581973e+01,9.554531e+01,8.898948e+01,1
8.933795e+01,1.098639e+02,7.834026e+01,4.325763e+01,4.262837e+01,5.202500e+01,1
6.871196e+01,6.578622e+01,5.645981e+01,6.269187e+01,5.424482e+01,5.780544e+01,1
6.352254e+01,7.017430e+01,6.833112e+01,8.241224e+01,8.240083e+01,8.263895e+01,1
1.144197e+02,1.270908e+02,1.043250e+02,6.568553e+01,6.632466e+01,6.213731e+01,1
1.263751e+02,1.308423e+02,9.853622e+01,5.055175e+01,5.078070e+01,4.975186e+01,1
1.062721e+02,1.208319e+02,9.960136e+01,5.539597e+01,5.542987e+01,5.748079e+01,1
1.159034e+02,1.145442e+02,9.640575e+01,6.070791e+01,5.912191e+01,5.856551e+01,1
9.782481e+01,9.055661e+01,8.557297e+01,5.957669e+01,5.829239e+01,5.792650e+01,1
7.582463e+01,9.216463e+01,1.156526e+02,5.054143e+01,5.889963e+01,7.113170e+01,1
1.189401e+02,1.259789e+02,1.375256e+02,8.167210e+01,8.318203e+01,8.514053e+01,1
1.067733e+02,1.228049e+02,1.505326e+02,4.485769e+01,4.923849e+01,5.788637e+01,1
9.090973e+01,1.086213e+02,1.288314e+02,5.198461e+01,5.984247e+01,6.527915e+01,1
1.002226e+02,1.202633e+02,1.442100e+02,5.225656e+01,5.999270e+01,6.693058e+01,1
1.202139e+02,1.179741e+02,8.647188e+01,7.356908e+01,7.163137e+01,6.664982e+01,1
7.267830e+01,7.151326e+01,5.455525e+01,6.417680e+01,6.343659e+01,5.765115e+01,1
8.085919e+01,8.046815e+01,5.343983e+01,3.768141e+01,4.112573e+01,4.997691e+01,1
6.432224e+01,8.476581e+01,5.728033e+01,5.836018e+01,7.328519e+01,8.093552e+01,1
6.668530e+01,7.859825e+01,7.196011e+01,4.186881e+01,3.967219e+01,4.328876e+01,1
1.293158e+02,1.388362e+02,5.986882e+01,5.630620e+01,6.245018e+01,5.273432e+01,1
8.852336e+01,8.752161e+01,2.865573e+01,7.775595e+01,7.991824e+01,3.992180e+01,1
7.454752e+01,1.092801e+02,1.001513e+02,5.680311e+01,5.822105e+01,7.073850e+01,1
7.052232e+01,8.560188e+01,9.338588e+01,6.138069e+01,6.820170e+01,8.673420e+01,1
9.217339e+01,9.136621e+01,6.439977e+01,3.002103e+01,2.765536e+01,2.501925e+01,1
6.500520e+01,8.335037e+01,4.645570e+01,6.097537e+01,6.581038e+01,5.757643e+01,1
9.929173e+01,1.148084e+02,8.106168e+01,7.807846e+01,7.261571e+01,7.236222e+01,1
9.591875e+01,1.092631e+02,8.339546e+01,7.106779e+01,6.670710e+01,6.376540e+01,1
6.904106e+01,8.042590e+01,8.086746e+01,7.593071e+01,7.597254e+01,7.889345e+01,1
1.135982e+02,1.158098e+02,8.201204e+01,6.908817e+01,4.337875e+01,7.681909e+01,1
1.005719e+02,1.189947e+02,4.686397e+01,7.131099e+01,7.201295e+01,4.827018e+01,1
7.864861e+01,8.750421e+01,3.669543e+01,7.783611e+01,8.043770e+01,5.895704e+01,1
7.043402e+01,7.620795e+01,3.872496e+01,6.539864e+01,6.673020e+01,6.497194e+01,1
1.045406e+02,1.253047e+02,1.401378e+02,4.718733e+01,4.624466e+01,5.442886e+01,1
7.018729e+01,8.676617e+01,9.436627e+01,6.217543e+01,6.332404e+01,7.480364e+01,1
1.070438e+02,9.921971e+01,2.840831e+01,5.770026e+01,4.777884e+01,3.915777e+01,1
8.110469e+01,1.071360e+02,4.938454e+01,6.486349e+01,6.446502e+01,5.235885e+01,1
1.019463e+02,1.229222e+02,1.341202e+02,5.890811e+01,6.132580e+01,6.488977e+01,1
1.257886e+02,9.921964e+01,3.072409e+01,5.852680e+01,3.947806e+01,2.349064e+01,1
6.785663e+01,1.053712e+02,7.564616e+01,3.653491e+01,4.342549e+01,2.507456e+01,1
9.562018e+01,7.149739e+01,4.840962e+01,5.944657e+01,5.101355e+01,4.391730e+01,1
1.386473e+02,1.579297e+02,8.037688e+01,7.473229e+01,7.268663e+01,6.579713e+01,1
5.575732e+01,6.444812e+01,4.343729e+01,5.795826e+01,5.686475e+01,5.707784e+01,1
7.971182e+01,1.071612e+02,6.324504e+01,6.112921e+01,6.537573e+01,5.942069e+01,1
9.084691e+01,1.095809e+02,7.439755e+01,5.636263e+01,5.499181e+01,4.084874e+01,1
7.925186e+01,9.916336e+01,7.234302e+01,4.011989e+01,3.986520e+01,4.404324e+01,1
7.444891e+01,1.073009e+02,7.741455e+01,5.974579e+01,6.591669e+01,5.451688e+01,1
4.583830e+01,9.132352e+01,8.259215e+01,6.477676e+01,6.444142e+01,6.388326e+01,1
7.773599e+01,1.221247e+02,7.679593e+01,5.054430e+01,5.665247e+01,4.110546e+01,1
8.427254e+01,1.143324e+02,7.374666e+01,6.098713e+01,5.659979e+01,6.444768e+01,1
5.971611e+01,1.231706e+02,9.972830e+01,4.874129e+01,6.223491e+01,5.657020e+01,1
7.430035e+01,9.645833e+01,5.277693e+01,5.886115e+01,5.751103e+01,5.955278e+01,1
7.035785e+01,1.067128e+02,8.856126e+01,4.757539e+01,5.433791e+01,4.323801e+01,1
8.549072e+01,1.149659e+02,6.745038e+01,3.592968e+01,4.319370e+01,2.958790e+01,1
6.240712e+01,1.035468e+02,4.433876e+01,4.641615e+01,5.160035e+01,3.878912e+01,1
5.975148e+01,9.845065e+01,5.533028e+01,5.597142e+01,6.982261e+01,4.409338e+01,1
8.476701e+01,1.029420e+02,7.848000e+01,7.461131e+01,7.155303e+01,7.397067e+01,1
1.385201e+02,1.259204e+02,9.973042e+01,7.451599e+01,6.966702e+01,6.786283e+01,1
1.144428e+02,9.230020e+01,2.631322e+01,6.961805e+01,6.036751e+01,3.323543e+01,1
1.698808e+02,1.557952e+02,1.096687e+02,6.542333e+01,6.771477e+01,5.969915e+01,1
4.816666e+01,5.332033e+01,4.660301e+01,5.533242e+01,4.917212e+01,5.247388e+01,1
1.267506e+02,1.373499e+02,1.555560e+02,5.596532e+01,4.712125e+01,6.078915e+01,2
8.342653e+01,9.585513e+01,1.414641e+02,8.027165e+01,6.164075e+01,3.354396e+01,2
1.212054e+02,1.231640e+02,1.289039e+02,5.603495e+01,5.005965e+01,7.174892e+01,2
1.081512e+02,1.266436e+02,1.664035e+02,4.544048e+01,4.791802e+01,5.606378e+01,2
9.401694e+01,1.222942e+02,1.622934e+02,8.568352e+01,5.217268e+01,5.000676e+01,2
1.300973e+02,1.205124e+02,1.089108e+02,7.855813e+01,7.345550e+01,6.927025e+01,2
1.101537e+02,1.251155e+02,1.168759e+02,4.747880e+01,4.892955e+01,5.371869e+01,2
1.244039e+02,1.480678e+02,1.528153e+02,3.108414e+01,3.324756e+01,3.917388e+01,2
1.017345e+02,1.304785e+02,1.437624e+02,3.423577e+01,4.263561e+01,5.542645e+01,2
9.177040e+01,1.250456e+02,1.345075e+02,5.082859e+01,6.243830e+01,7.717521e+01,2
1.293565e+02,1.427504e+02,1.363923e+02,3.377698e+01,3.446962e+01,4.118801e+01,2
1.155061e+02,1.186875e+02,1.313020e+02,5.881347e+01,5.827727e+01,6.534528e+01,2
1.343263e+02,1.368346e+02,1.477507e+02,5.280676e+01,5.195106e+01,6.015763e+01,2
9.774422e+01,8.849126e+01,5.496489e+01,4.791499e+01,4.121383e+01,3.327490e+01,2
1.493026e+02,9.801173e+01,6.773865e+01,6.376766e+01,4.753959e+01,2.784483e+01,2
1.103706e+02,9.049561e+01,4.231119e+01,6.410361e+01,5.122481e+01,2.930158e+01,2
8.664392e+01,8.472762e+01,7.109184e+01,4.775919e+01,4.207292e+01,4.162988e+01,2
9.351794e+01,1.044204e+02,1.170862e+02,4.921020e+01,4.648690e+01,7.168713e+01,2
8.035188e+01,8.981612e+01,9.258528e+01,3.348495e+01,2.172550e+01,3.088710e+01,2
1.614225e+02,1.000321e+02,1.164514e+02,8.094308e+01,4.592716e+01,6.945967e+01,2
1.572200e+02,1.651028e+02,1.706934e+02,7.468954e+01,7.464250e+01,7.712532e+01,2
1.212466e+02,1.256031e+02,1.296258e+02,8.199057e+01,8.227545e+01,8.806987e+01,2
7.389188e+01,9.437364e+01,8.142325e+01,4.888231e+01,4.470741e+01,3.775853e+01,2
7.578787e+01,5.365195e+01,5.735770e+01,4.042914e+01,3.625721e+01,2.772561e+01,2
1.114681e+02,1.053509e+02,9.208937e+01,3.769357e+01,3.699034e+01,3.473345e+01,2
1.171103e+02,1.223215e+02,1.184414e+02,4.825257e+01,4.109515e+01,3.760179e+01,2
9.385677e+01,7.214667e+01,7.074512e+01,5.122383e+01,4.825063e+01,3.565925e+01,2
9.027443e+01,7.533167e+01,8.409921e+01,4.474914e+01,4.348418e+01,3.746339e+01,2
1.295313e+02,1.048542e+02,7.574928e+01,7.369384e+01,6.146784e+01,4.882599e+01,2
1.101607e+02,9.806500e+01,1.044938e+02,4.433918e+01,4.210034e+01,3.742857e+01,2
1.098900e+02,1.412558e+02,1.331368e+02,6.315249e+01,5.878207e+01,6.411619e+01,2
1.278364e+02,1.227911e+02,1.040589e+02,7.473250e+01,6.971971e+01,6.360069e+01,2
1.103051e+02,1.301539e+02,1.319823e+02,4.900540e+01,6.249235e+01,6.774111e+01,2
9.093539e+01,1.073369e+02,1.078794e+02,5.275282e+01,6.625712e+01,8.604738e+01,2
1.425812e+02,1.324839e+02,1.150852e+02,6.904424e+01,7.288524e+01,7.141212e+01,2
1.239547e+02,1.305145e+02,1.501635e+02,5.798738e+01,5.889604e+01,7.652811e+01,2
9.226183e+01,1.155117e+02,1.200851e+02,5.471562e+01,5.265456e+01,6.216854e+01,2
1.092542e+02,1.335548e+02,1.518900e+02,2.897925e+01,3.748089e+01,5.387027e+01,2
1.094281e+02,1.371325e+02,1.509825e+02,3.062561e+01,4.043283e+01,5.624043e+01,2
1.048763e+02,1.326601e+02,1.489857e+02,3.272600e+01,3.757905e+01,5.135556e+01,2
1.097541e+02,1.361731e+02,1.557837e+02,2.374904e+01,3.038168e+01,4.734086e+01,2
1.159357e+02,1.386381e+02,1.501852e+02,2.814796e+01,3.896864e+01,5.481361e+01,2
1.052628e+02,1.350161e+02,1.429438e+02,3.213127e+01,3.580425e+01,5.177146e+01,2
1.069154e+02,1.331671e+02,1.490444e+02,3.025476e+01,3.793326e+01,5.488209e+01,2
1.094892e+02,1.328429e+02,1.452555e+02,3.905503e+01,5.059196e+01,6.804709e+01,2
9.254709e+01,1.225768e+02,1.438849e+02,4.779150e+01,5.782152e+01,7.326296e+01,2
9.134334e+01,1.182043e+02,1.312275e+02,4.457670e+01,5.302819e+01,7.144920e+01,2
1.120084e+02,1.384785e+02,1.547631e+02,3.809958e+01,5.056811e+01,6.960309e+01,2
1.112183e+02,1.411365e+02,1.586408e+02,2.974317e+01,4.228554e+01,6.213127e+01,2
1.164837e+02,1.421691e+02,1.559647e+02,2.650051e+01,3.702913e+01,5.856620e+01,2
1.138260e+02,1.419762e+02,1.564002e+02,2.713197e+01,3.989140e+01,6.258997e+01,2
1.101614e+02,1.351278e+02,1.494939e+02,2.332213e+01,3.378723e+01,5.154478e+01,2
1.080377e+02,1.330864e+02,1.419604e+02,3.048048e+01,3.966879e+01,5.954432e+01,2
1.132474e+02,1.392480e+02,1.539729e+02,2.943844e+01,4.014576e+01,6.094401e+01,2
1.049683e+02,1.341206e+02,1.490528e+02,2.602119e+01,3.594114e+01,5.781405e+01,2
1.109287e+02,1.383706e+02,1.519123e+02,3.243295e+01,4.402702e+01,6.432570e+01,2
1.105563e+02,1.366056e+02,1.475311e+02,3.386115e+01,4.424802e+01,6.427273e+01,2
1.143371e+02,1.423111e+02,1.585749e+02,2.549782e+01,3.634710e+01,5.719061e+01,2
1.129129e+02,1.338142e+02,1.440512e+02,2.515231e+01,3.759676e+01,5.738703e+01,2
1.150968e+02,1.382448e+02,1.475362e+02,2.946818e+01,3.883699e+01,5.991473e+01,2
1.172923e+02,1.413617e+02,1.525774e+02,2.466824e+01,3.346139e+01,5.417861e+01,2
1.195635e+02,1.454796e+02,1.559614e+02,3.107624e+01,3.853526e+01,6.264158e+01,2
1.127836e+02,1.352013e+02,1.459956e+02,3.617945e+01,4.337882e+01,6.317148e+01,2
1.127735e+02,1.326557e+02,1.441123e+02,2.762698e+01,3.663821e+01,5.826155e+01,2
1.095455e+02,1.303236e+02,1.402765e+02,3.250295e+01,4.103785e+01,6.281403e+01,2
1.059754e+02,1.297361e+02,1.438251e+02,2.949006e+01,3.557581e+01,5.293929e+01,2
1.147813e+02,1.354594e+02,1.447944e+02,4.341193e+01,4.799647e+01,6.478274e+01,2
1.222227e+02,1.362344e+02,1.393964e+02,3.469205e+01,3.841178e+01,4.984047e+01,2
9.427634e+01,1.191990e+02,1.326018e+02,5.300490e+01,5.246970e+01,5.579192e+01,2
1.098483e+02,1.192866e+02,1.239410e+02,3.292521e+01,3.819814e+01,4.462322e+01,2
1.143609e+02,1.285987e+02,1.336253e+02,2.853654e+01,3.537369e+01,4.757600e+01,2
1.164060e+02,1.304658e+02,1.325419e+02,3.281465e+01,3.812328e+01,4.908789e+01,2
9.326233e+01,1.188369e+02,1.333167e+02,5.290764e+01,6.043814e+01,7.360119e+01,2
1.075312e+02,1.319511e+02,1.453108e+02,4.295939e+01,5.092710e+01,6.380013e+01,2
9.571159e+01,1.247215e+02,1.419392e+02,5.705695e+01,6.280323e+01,7.118796e+01,2
1.116672e+02,1.274982e+02,1.352897e+02,3.876298e+01,4.292677e+01,5.265876e+01,2
1.283264e+02,1.494853e+02,1.585930e+02,2.991567e+01,3.540844e+01,4.824893e+01,2
1.184993e+02,1.383894e+02,1.469344e+02,2.403346e+01,3.197551e+01,4.736426e+01,2
1.251414e+02,1.404197e+02,1.457507e+02,2.648481e+01,3.187866e+01,4.281461e+01,2
1.160910e+02,1.303764e+02,1.322001e+02,3.013789e+01,3.544224e+01,4.546496e+01,2
1.134496e+02,1.425922e+02,1.575961e+02,2.977261e+01,3.996810e+01,5.508512e+01,2
1.062124e+02,1.357145e+02,1.604249e+02,2.882893e+01,3.394405e+01,4.646008e+01,2
1.164733e+02,1.367388e+02,1.407982e+02,2.820024e+01,4.025503e+01,5.535514e+01,2
1.115967e+02,1.298525e+02,1.376388e+02,2.734130e+01,3.744004e+01,5.551236e+01,2
9.948984e+01,1.307422e+02,1.402193e+02,3.185509e+01,3.746095e+01,5.437145e+01,2
1.081479e+02,1.318927e+02,1.427702e+02,2.979659e+01,3.828512e+01,5.485229e+01,2
1.122703e+02,1.344283e+02,1.443520e+02,3.727505e+01,5.131769e+01,6.956103e+01,2
8.024564e+01,1.090262e+02,1.248785e+02,5.781565e+01,6.751457e+01,7.913908e+01,2
1.091499e+02,1.353539e+02,1.517626e+02,3.186787e+01,4.117423e+01,6.604171e+01,2
1.163144e+02,1.410238e+02,1.551653e+02,3.409040e+01,4.837845e+01,6.945692e+01,2
1.027546e+02,1.257792e+02,1.374767e+02,2.994850e+01,3.942990e+01,5.562393e+01,2
1.044337e+02,1.340019e+02,1.494260e+02,3.420641e+01,4.620537e+01,6.543484e+01,2
1.126805e+02,1.306979e+02,1.334666e+02,3.290936e+01,4.362376e+01,6.251830e+01,2
1.184413e+02,1.439737e+02,1.542838e+02,3.067673e+01,4.263763e+01,6.438980e+01,2
1.123031e+02,1.346867e+02,1.391284e+02,3.118273e+01,4.365385e+01,6.162808e+01,2
1.175025e+02,1.411821e+02,1.558155e+02,2.663625e+01,3.713829e+01,5.449476e+01,2
1.163040e+02,1.398596e+02,1.476942e+02,2.346925e+01,3.242092e+01,5.811236e+01,2
1.174208e+02,1.410066e+02,1.492373e+02,2.656252e+01,4.087895e+01,6.207088e+01,2
1.186205e+02,1.478804e+02,1.618638e+02,2.533036e+01,3.589813e+01,6.259931e+01,2
1.164282e+02,1.425006e+02,1.513177e+02,3.409893e+01,4.666209e+01,6.606711e+01,2
1.120325e+02,1.362501e+02,1.432588e+02,3.307665e+01,4.466507e+01,6.616965e+01,2
1.124592e+02,1.383389e+02,1.535127e+02,3.036455e+01,4.236929e+01,6.274551e+01,2
1.130055e+02,1.285397e+02,1.302033e+02,2.340399e+01,3.750867e+01,6.328887e+01,2
1.132831e+02,1.320906e+02,1.382752e+02,2.863548e+01,4.160127e+01,5.885155e+01,2
1.247959e+02,1.472174e+02,1.541120e+02,2.646238e+01,3.740324e+01,6.394116e+01,2
1.125874e+02,1.376948e+02,1.464476e+02,2.951653e+01,3.799202e+01,5.592729e+01,2
1.188855e+02,1.436299e+02,1.512882e+02,3.344308e+01,4.082738e+01,6.307025e+01,2
1.179512e+02,1.365647e+02,1.408015e+02,3.649899e+01,4.374175e+01,6.341424e+01,2
1.218686e+02,1.366179e+02,1.415136e+02,2.871590e+01,3.696927e+01,5.895745e+01,2
1.214496e+02,1.357925e+02,1.355165e+02,4.531560e+01,4.892595e+01,5.964136e+01,2
1.140498e+02,1.294727e+02,1.364534e+02,3.157536e+01,3.608631e+01,5.094756e+01,2
1.169360e+02,1.300976e+02,1.301026e+02,3.597004e+01,4.042880e+01,5.095332e+01,2
1.008104e+02,1.191782e+02,1.290832e+02,5.345594e+01,5.286102e+01,5.376203e+01,2
9.117088e+01,1.175437e+02,1.289915e+02,5.651145e+01,5.724122e+01,6.320419e+01,2
1.124530e+02,1.238844e+02,1.277943e+02,2.733803e+01,3.451459e+01,4.402019e+01,2
1.100377e+02,1.299422e+02,1.382999e+02,3.530905e+01,4.534261e+01,5.991120e+01,2
1.147968e+02,1.333443e+02,1.436882e+02,5.005032e+01,5.603519e+01,7.085382e+01,2
1.107333e+02,1.320950e+02,1.446353e+02,4.396282e+01,5.207083e+01,6.521990e+01,2
9.525211e+01,1.244845e+02,1.409247e+02,5.914901e+01,6.459211e+01,7.185164e+01,2
1.162843e+02,1.347717e+02,1.416804e+02,3.132401e+01,3.691369e+01,5.079291e+01,2
1.171767e+02,1.391978e+02,1.477106e+02,3.025879e+01,3.696592e+01,5.051157e+01,2
1.145698e+02,1.334188e+02,1.446034e+02,2.369708e+01,3.298381e+01,4.985695e+01,2
1.057737e+02,1.320056e+02,1.354820e+02,5.721451e+01,6.484276e+01,7.472685e+01,2
1.228155e+02,1.265458e+02,1.377929e+02,5.961394e+01,5.798657e+01,6.444320e+01,2
1.261538e+02,1.291565e+02,1.420412e+02,5.331257e+01,5.322621e+01,6.291199e+01,2
1.786078e+02,1.752257e+02,1.688190e+02,6.431726e+01,6.768085e+01,7.402706e+01,2
1.608583e+02,1.662144e+02,1.562130e+02,4.340593e+01,4.293994e+01,5.799039e+01,2
1.531119e+02,1.533993e+02,1.425840e+02,4.707737e+01,4.800730e+01,5.289813e+01,2
1.096393e+02,1.165532e+02,1.334492e+02,6.330073e+01,5.961071e+01,6.769683e+01,2
1.096393e+02,1.165532e+02,1.334492e+02,6.330073e+01,5.961071e+01,6.769683e+01,2
8.803717e+01,1.206915e+02,1.170195e+02,3.273981e+01,4.003033e+01,4.603766e+01,2
8.803717e+01,1.206915e+02,1.170195e+02,3.273981e+01,4.003033e+01,4.603766e+01,2
1.455083e+02,1.332959e+02,1.121708e+02,4.952093e+01,4.911841e+01,5.511049e+01,2
1.455083e+02,1.332959e+02,1.121708e+02,4.952093e+01,4.911841e+01,5.511049e+01,2
8.050139e+01,8.157320e+01,7.571423e+01,5.679524e+01,6.334511e+01,6.643116e+01,2
8.050139e+01,8.157320e+01,7.571423e+01,5.679524e+01,6.334511e+01,6.643116e+01,2
1.463985e+02,1.441891e+02,1.526926e+02,2.820568e+01,2.863413e+01,5.138919e+01,2
1.463985e+02,1.441891e+02,1.526926e+02,2.820568e+01,2.863413e+01,5.138919e+01,2
9.808685e+01,1.177890e+02,1.220520e+02,4.922903e+01,5.822360e+01,7.062364e+01,2
9.808685e+01,1.177890e+02,1.220520e+02,4.922903e+01,5.822360e+01,7.062364e+01,2
1.063221e+02,1.278421e+02,1.271399e+02,4.133738e+01,5.246250e+01,6.776505e+01,2
1.063221e+02,1.278421e+02,1.271399e+02,4.133738e+01,5.246250e+01,6.776505e+01,2
9.557195e+01,1.255338e+02,1.365167e+02,6.967270e+01,7.942547e+01,8.735801e+01,2
9.557195e+01,1.255338e+02,1.365167e+02,6.967270e+01,7.942547e+01,8.735801e+01,2
1.054190e+02,1.338739e+02,1.453624e+02,4.458511e+01,5.472094e+01,7.265494e+01,2
1.054190e+02,1.338739e+02,1.453624e+02,4.458511e+01,5.472094e+01,7.265494e+01,2
1.080529e+02,1.426388e+02,1.570229e+02,5.216903e+01,6.279133e+01,7.602189e+01,2
1.080529e+02,1.426388e+02,1.570229e+02,5.216903e+01,6.279133e+01,7.602189e+01,2
1.320096e+02,1.424384e+02,1.591388e+02,3.475122e+01,4.596870e+01,6.058173e+01,2
1.026555e+02,1.266348e+02,1.306111e+02,5.120524e+01,6.140430e+01,7.143231e+01,2
1.193867e+02,1.431974e+02,1.523819e+02,4.503314e+01,5.605110e+01,7.162232e+01,2
1.077068e+02,1.354260e+02,1.434158e+02,4.615458e+01,5.389998e+01,6.816378e+01,2
1.132287e+02,1.404888e+02,1.597987e+02,6.208040e+01,6.599711e+01,7.450237e+01,2
9.005342e+01,1.205999e+02,1.338024e+02,6.423941e+01,7.471551e+01,8.338885e+01,2
1.073239e+02,1.345233e+02,1.419718e+02,5.757562e+01,6.529321e+01,7.784666e+01,2
1.019902e+02,1.244880e+02,1.302906e+02,6.076572e+01,6.140783e+01,6.836431e+01,2
1.024743e+02,1.335250e+02,1.621730e+02,6.747670e+01,6.921270e+01,7.431556e+01,2
1.039872e+02,1.462466e+02,1.577706e+02,5.893523e+01,6.465326e+01,6.585070e+01,2
1.039718e+02,1.453816e+02,1.588601e+02,6.753414e+01,7.584101e+01,7.613343e+01,2
1.152745e+02,1.451472e+02,1.693533e+02,7.600072e+01,8.069760e+01,7.990637e+01,2
9.690454e+01,1.434619e+02,1.570627e+02,7.068277e+01,7.460791e+01,7.510953e+01,2
1.271549e+02,1.491699e+02,1.594487e+02,2.229388e+01,2.306771e+01,3.321262e+01,2
1.183008e+02,1.388274e+02,1.484570e+02,2.782143e+01,3.158340e+01,4.372530e+01,2
1.340170e+02,1.500997e+02,1.484774e+02,2.324668e+01,2.490959e+01,3.394381e+01,2
1.265281e+02,1.455168e+02,1.482993e+02,2.483220e+01,2.891847e+01,3.910253e+01,2
1.157080e+02,1.372229e+02,1.460318e+02,2.493733e+01,3.128028e+01,4.394973e+01,2
1.215026e+02,1.432521e+02,1.442931e+02,2.569093e+01,3.023471e+01,4.211916e+01,2
1.165618e+02,1.397499e+02,1.489179e+02,2.223749e+01,2.893099e+01,4.534420e+01,2
1.225098e+02,1.388750e+02,1.439443e+02,2.219954e+01,3.129934e+01,4.380880e+01,2
1.042808e+02,1.451187e+02,1.582955e+02,6.947148e+01,7.328417e+01,7.130222e+01,2
1.153338e+02,1.328673e+02,1.313916e+02,2.751284e+01,3.284621e+01,4.420749e+01,2
1.157657e+02,1.372396e+02,1.435992e+02,2.146758e+01,2.738343e+01,4.312402e+01,2
1.156386e+02,1.383829e+02,1.473461e+02,2.376975e+01,2.925487e+01,4.455002e+01,2
1.159020e+02,1.400316e+02,1.522069e+02,2.839981e+01,3.452877e+01,4.810195e+01,2
1.121722e+02,1.325069e+02,1.348420e+02,3.234647e+01,3.682794e+01,5.457657e+01,2
1.047210e+02,1.481958e+02,1.552631e+02,7.443414e+01,7.581327e+01,6.931624e+01,2
1.156752e+02,1.354745e+02,1.395969e+02,4.324859e+01,4.983136e+01,6.287007e+01,2
1.197044e+02,1.392638e+02,1.425052e+02,3.441081e+01,3.568997e+01,4.494598e+01,2
1.018367e+02,1.430650e+02,1.475722e+02,7.835551e+01,8.100344e+01,7.643385e+01,2
1.373996e+02,1.523837e+02,1.478909e+02,2.274237e+01,2.382469e+01,2.944444e+01,2
1.241493e+02,1.432525e+02,1.513986e+02,2.678963e+01,2.964462e+01,4.063799e+01,2
1.241388e+02,1.381094e+02,1.209285e+02,5.543713e+01,6.553810e+01,6.651621e+01,2
1.176631e+02,1.305869e+02,1.214504e+02,4.620692e+01,4.575155e+01,5.388701e+01,2
1.268793e+02,1.404537e+02,1.320924e+02,5.269967e+01,5.433790e+01,6.179865e+01,2
1.104676e+02,1.258571e+02,1.217106e+02,6.471159e+01,6.394543e+01,6.787932e+01,2
1.211267e+02,1.353386e+02,1.285951e+02,5.913200e+01,5.900352e+01,6.130574e+01,2
1.033938e+02,1.173834e+02,1.142308e+02,5.540111e+01,5.602101e+01,5.911846e+01,2
1.119011e+02,1.288643e+02,1.238893e+02,5.465028e+01,5.414343e+01,5.826451e+01,2
1.347029e+02,1.530101e+02,1.502966e+02,6.220845e+01,6.251060e+01,6.842459e+01,2
1.024171e+02,1.201859e+02,1.138829e+02,5.735952e+01,5.733527e+01,6.174103e+01,2
1.276591e+02,1.429944e+02,1.408860e+02,4.749659e+01,4.789482e+01,5.346619e+01,2
1.004671e+02,1.138221e+02,1.100004e+02,4.890599e+01,4.899135e+01,5.289128e+01,2
1.239708e+02,1.403890e+02,1.387866e+02,5.428609e+01,5.408347e+01,5.873112e+01,2
1.032472e+02,1.280434e+02,1.216348e+02,6.738133e+01,7.361493e+01,7.100545e+01,2
1.161969e+02,1.342556e+02,1.287351e+02,5.430440e+01,5.240115e+01,5.661451e+01,2
9.183614e+01,1.075516e+02,1.040217e+02,4.807114e+01,4.730071e+01,4.908321e+01,2
1.089755e+02,1.232070e+02,1.160710e+02,5.960570e+01,6.263061e+01,6.911165e+01,2
1.193568e+02,1.326022e+02,1.281330e+02,5.763991e+01,6.131046e+01,6.696109e+01,2
1.253052e+02,1.494981e+02,1.601351e+02,2.346612e+01,2.307917e+01,3.406781e+01,2
1.185680e+02,1.403264e+02,1.479968e+02,3.059262e+01,3.436542e+01,4.770254e+01,2
1.324510e+02,1.510678e+02,1.518221e+02,2.455276e+01,2.432176e+01,3.151124e+01,2
1.296780e+02,1.447203e+02,1.264563e+02,4.961524e+01,6.200974e+01,7.142819e+01,2
1.477018e+02,1.614740e+02,1.520446e+02,6.018862e+01,6.241587e+01,7.408758e+01,2
1.405831e+02,1.505602e+02,1.296961e+02,5.726386e+01,6.774477e+01,7.769149e+01,2
1.199695e+02,1.419534e+02,1.496610e+02,3.015878e+01,3.277331e+01,4.628373e+01,2
1.198302e+02,1.410487e+02,1.307614e+02,5.756769e+01,6.701662e+01,7.335439e+01,2
1.267396e+02,1.480833e+02,1.555785e+02,2.257589e+01,2.357087e+01,3.466454e+01,2
1.329742e+02,1.488502e+02,1.473154e+02,2.350528e+01,2.528936e+01,3.281153e+01,2
1.296670e+02,1.455902e+02,1.434637e+02,2.963849e+01,3.132565e+01,3.765998e+01,2
1.267789e+02,1.476570e+02,1.549208e+02,2.378246e+01,2.338328e+01,3.247655e+01,2
1.337652e+02,1.491898e+02,1.482744e+02,2.232696e+01,2.419941e+01,3.073615e+01,2
1.328809e+02,1.466736e+02,1.404290e+02,2.774228e+01,2.885050e+01,3.338347e+01,2
1.173979e+02,1.330104e+02,1.267060e+02,4.077605e+01,4.022040e+01,4.436742e+01,2
1.384140e+02,1.596386e+02,1.452075e+02,4.804163e+01,5.818984e+01,6.643017e+01,2
1.236231e+02,1.453917e+02,1.310518e+02,5.801785e+01,7.272311e+01,8.082640e+01,2
1.266109e+02,1.347980e+02,1.353484e+02,5.162636e+01,5.648642e+01,5.706629e+01,2
8.971387e+01,9.300107e+01,9.740651e+01,6.135726e+01,6.212125e+01,5.986844e+01,2
1.375291e+02,1.387904e+02,1.401141e+02,6.374428e+01,6.162811e+01,6.717906e+01,2
1.196877e+02,1.195493e+02,1.221735e+02,5.928977e+01,5.774979e+01,6.109687e+01,2
1.058773e+02,1.071866e+02,1.063003e+02,5.170708e+01,4.930362e+01,5.237680e+01,2
1.312452e+02,1.319571e+02,1.356025e+02,6.460485e+01,6.246792e+01,6.621019e+01,2
1.362299e+02,1.322330e+02,1.317055e+02,3.871887e+01,3.959889e+01,4.480036e+01,2
1.579247e+02,1.587397e+02,1.614845e+02,9.891205e+01,9.871050e+01,1.020604e+02,2
1.536133e+02,1.551359e+02,1.567713e+02,5.802598e+01,5.646599e+01,6.047984e+01,2
1.342288e+02,1.350362e+02,1.364099e+02,6.835469e+01,6.804626e+01,7.118200e+01,2
1.657614e+02,1.678569e+02,1.711482e+02,6.562956e+01,6.513548e+01,6.954037e+01,2
1.642555e+02,1.658795e+02,1.694070e+02,6.487061e+01,6.418259e+01,6.873728e+01,2
1.466588e+02,1.470494e+02,1.493375e+02,8.663016e+01,8.498412e+01,8.753503e+01,2
1.352015e+02,1.380142e+02,1.374634e+02,8.685479e+01,8.492352e+01,8.994912e+01,2
1.299516e+02,1.325589e+02,1.342802e+02,8.957847e+01,8.718582e+01,9.057331e+01,2
1.280656e+02,1.307762e+02,1.301241e+02,8.375613e+01,8.209873e+01,8.679888e+01,2
1.487049e+02,1.494709e+02,1.509519e+02,8.954768e+01,8.899117e+01,9.325381e+01,2
1.376655e+02,1.387239e+02,1.382694e+02,8.964789e+01,8.865535e+01,9.168804e+01,2
1.200515e+02,1.455114e+02,1.668149e+02,3.769447e+01,4.162860e+01,5.041714e+01,2
1.053024e+02,1.271971e+02,1.483613e+02,3.896821e+01,3.889697e+01,4.419313e+01,2
1.233851e+02,1.375694e+02,1.397399e+02,3.538276e+01,4.251168e+01,5.464191e+01,2
1.586681e+02,1.820970e+02,2.010727e+02,2.862899e+01,3.838158e+01,5.700816e+01,2
1.040745e+02,1.040460e+02,1.077035e+02,6.684068e+01,6.159804e+01,6.874973e+01,2
1.413026e+02,1.312708e+02,1.040803e+02,7.026248e+01,7.234904e+01,7.067291e+01,2
8.435405e+01,1.039286e+02,1.460644e+02,6.036832e+01,4.110137e+01,5.114038e+01,2
1.218938e+02,1.487364e+02,1.549263e+02,7.191036e+01,5.527400e+01,3.776491e+01,2
1.440069e+02,1.453674e+02,1.661797e+02,5.143140e+01,4.908556e+01,5.226917e+01,2
9.678818e+01,9.690405e+01,1.009456e+02,4.639132e+01,4.211227e+01,4.837446e+01,2
1.586024e+02,1.679904e+02,1.381855e+02,6.088125e+01,6.990591e+01,7.361988e+01,2
1.766654e+02,1.874309e+02,1.526475e+02,5.663537e+01,6.751204e+01,7.299267e+01,2
1.340464e+02,1.480240e+02,1.186915e+02,5.407339e+01,5.284110e+01,6.321535e+01,2
1.524594e+02,1.707064e+02,1.199181e+02,4.556023e+01,4.383417e+01,5.901158e+01,2
1.196288e+02,1.403572e+02,1.045863e+02,4.720136e+01,5.842320e+01,7.135283e+01,2
1.386870e+02,1.603662e+02,1.269124e+02,4.784700e+01,5.551693e+01,6.342362e+01,2
1.441724e+02,1.634224e+02,1.323394e+02,4.757870e+01,5.165423e+01,5.592148e+01,2
1.881936e+02,1.998153e+02,1.551086e+02,6.385157e+01,7.016201e+01,7.632379e+01,2
9.579987e+01,1.064907e+02,1.011457e+02,6.981511e+01,6.640885e+01,7.374411e+01,2
7.320621e+01,8.039397e+01,8.779849e+01,6.367715e+01,6.252282e+01,6.859941e+01,2
1.747938e+02,1.714447e+02,1.700023e+02,7.536904e+01,7.828070e+01,8.084795e+01,2
1.509656e+02,1.558554e+02,1.553515e+02,6.008914e+01,6.162808e+01,6.621178e+01,2
1.605192e+02,1.746412e+02,1.326269e+02,5.097381e+01,4.416638e+01,5.253150e+01,2
1.624265e+02,1.721893e+02,1.173340e+02,7.689921e+01,7.412623e+01,8.225955e+01,2
1.298166e+02,1.244832e+02,1.011767e+02,6.360182e+01,5.781189e+01,5.067118e+01,2
1.674037e+02,1.846378e+02,1.776031e+02,4.816756e+01,5.012173e+01,5.811005e+01,2
7.037497e+01,7.550002e+01,7.993225e+01,4.362722e+01,4.265071e+01,3.875417e+01,2
9.387697e+01,1.091946e+02,1.108658e+02,3.205865e+01,3.413230e+01,3.465981e+01,2
1.210553e+02,1.085289e+02,1.057160e+02,5.100263e+01,5.228947e+01,4.856421e+01,2
1.449819e+02,7.863300e+01,4.386211e+01,6.143218e+01,5.874507e+01,3.715733e+01,2
1.224307e+02,1.317274e+02,1.351816e+02,4.486434e+01,3.668531e+01,4.066501e+01,2
2.071235e+02,2.033475e+02,2.038347e+02,5.648555e+01,5.647750e+01,6.641464e+01,2
1.825469e+02,1.741645e+02,1.724422e+02,7.337976e+01,7.295441e+01,8.094173e+01,2
1.210199e+02,1.469520e+02,1.618510e+02,5.867041e+01,5.837920e+01,5.662513e+01,2
1.242501e+02,1.191452e+02,1.107137e+02,8.783204e+01,9.069095e+01,8.909861e+01,2
1.416035e+02,1.470811e+02,1.328672e+02,6.372812e+01,7.601605e+01,8.033099e+01,2
1.244570e+02,1.316650e+02,1.239904e+02,5.857988e+01,7.013604e+01,8.373322e+01,2
